   Depth            BFSolver                A(i)                A(c)           A(+{c,i})         A(+{c,i,4})    A(+{*{i,i},c,4})    A(+{*{s,s},c,4})A(+{*{B,B,s,s},c,4})A(+{*{B,B,a,a},c,4})             A(rand)
       1                    0                   1                   1                   1                   1                   1                   1                   1                   1                   1
       2                    2                   2                   2                   2                   2                   2                   2                   2                   2                   2
       3                    4                   5                   5                   5                   5                   9                   5                   5                   5                   5
       4                    6                  10                  10                  10                  10                  10                   6                   6                   6                   6
       5                   11                  20                  15                  19                  17                  11                   7                   7                   7                   7
       6                   19                  92                  26                  79                  65                  13                  12                  12                  12                  20
       7                   39                 471                  45                 218                 160                  16                  17                  17                  17                 609
       8                   69                 902                  79                 649                 386                  20                  21                  21                  21                 821
       9                  129                2843                 137                1770                 903                  24                  25                  25                  25                 278
      10                  219                7874                 233                4379                1824                  26                  27                  27                  27                 820
      11                  391                8809                 379                5741                3459                  29                  30                  30                  30                1752
      12                  643                8811                 601                6232                6269                  31                  32                  32                  32                1758
      13                 1074                8807                 899                5174                4303                 225                 226                  36                  36                1760
      14                 1734                8812                1373                7360                3563                 219                 220                  68                  62                1778
      15                 2787                8973                2073                8880                5247                 232                 233                 194                 161                1779
      16                 4437                8977                3098                9439                8633                 258                 259                 203                 170                1806
      17                 6956                9001                4521                9503                8480                 261                 262                 206                 173                2286
      18                10898                8967                6542                9679                9540                 271                 272                 216                 183                3101
      19                16747                9031                9257                9691                9848                 272                 273                 217                 184                2290
      20                25768                8891                9611                9711                9968                 277                 278                 222                 189                2467
      21                38951                9037                   0                9698                9969                 286                 287                 231                 198                2451
      22                45106                8752                   0                9716                9963                 290                 291                 235                 202                2534
      23                    0                8794                   0                9696               10004                 328                 300                 244                 211                2536
      24                    0                   0                   0                9708               10000                 334                 304                 248                 215                2513
      25                    0                   0                   0                9079               10017                 336                 306                 250                 217                2502
      26                    0                   0                   0                8695               10024                 338                 314                 258                 225                2504
      27                    0                   0                   0                   0               10013                 344                 316                 260                 227                2506
      28                    0                   0                   0                   0                9814                 392                 319                 263                 230                2510
      29                    0                   0                   0                   0               10032                 394                 321                 265                 232                2514
      30                    0                   0                   0                   0                8409                 402                 331                 275                 242                2513
      31                    0                   0                   0                   0                   0                 406                 337                 281                 248                3099
      32                    0                   0                   0                   0                   0                 412                 339                 283                 250                3101
      33                    0                   0                   0                   0                   0                 451                 347                 291                 258                2467
      34                    0                   0                   0                   0                   0                 423                 356                 300                 267                2535
      35                    0                   0                   0                   0                   0                 473                 358                 302                 269                2904
      36                    0                   0                   0                   0                   0                 486                 363                 307                 274                3148
      37                    0                   0                   0                   0                   0                 501                 376                 320                 287                3149
      38                    0                   0                   0                   0                   0                 503                 379                 323                 290                3156
      39                    0                   0                   0                   0                   0                 505                 380                 324                 291                3157
      40                    0                   0                   0                   0                   0                 509                 384                 328                 295                4370
      41                    0                   0                   0                   0                   0                 513                 386                 330                 297                4376
      42                    0                   0                   0                   0                   0                 515                 387                 331                 298                4377
      43                    0                   0                   0                   0                   0                 518                 388                 332                 299                4380
      44                    0                   0                   0                   0                   0                 520                 390                 334                 301                4383
      45                    0                   0                   0                   0                   0                 638                 402                 346                 313                4385
      46                    0                   0                   0                   0                   0                 595                 528                 472                 439                4387
      47                    0                   0                   0                   0                   0                 639                 586                 530                 497                4388
      48                    0                   0                   0                   0                   0                1522                 624                 568                 535                4392
      49                    0                   0                   0                   0                   0                1654                 625                 569                 536                4419
      50                    0                   0                   0                   0                   0                1722                 627                 571                 538                4420
      51                    0                   0                   0                   0                   0                1890                 628                 572                 539                4422
      52                    0                   0                   0                   0                   0                1978                 632                 576                 543                4431
      53                    0                   0                   0                   0                   0                2048                 638                 582                 549                4507
      54                    0                   0                   0                   0                   0                2114                 643                 587                 554                4509
      55                    0                   0                   0                   0                   0                2117                 644                 588                 555                4447
      56                    0                   0                   0                   0                   0                2127                 646                 590                 557                7165
      57                    0                   0                   0                   0                   0                2128                 649                 593                 560                4542
      58                    0                   0                   0                   0                   0                2129                 652                 596                 563                4512
      59                    0                   0                   0                   0                   0                2144                 655                 599                 566                7418
      60                    0                   0                   0                   0                   0                2137                 657                 601                 568                7420
      61                    0                   0                   0                   0                   0                2153                 658                 602                 569                8032
      62                    0                   0                   0                   0                   0                2156                 660                 604                 571                8033
      63                    0                   0                   0                   0                   0                2159                 664                 608                 575                8438
      64                    0                   0                   0                   0                   0                2162                 667                 611                 578                6098
      65                    0                   0                   0                   0                   0                2166                 680                 624                 591                6109
      66                    0                   0                   0                   0                   0                2168                 681                 625                 592                6702
      67                    0                   0                   0                   0                   0                2171                9599                9543                9501                7467
      68                    0                   0                   0                   0                   0                9293                9619                9563                9521                7872
      69                    0                   0                   0                   0                   0                2483                9619                9563                9521                7471
      70                    0                   0                   0                   0                   0                9295                9620                9564                9522                7472
      71                    0                   0                   0                   0                   0                9300                9705                9649                9607                7517
      72                    0                   0                   0                   0                   0                9301                9710                9654                9612                7477
      73                    0                   0                   0                   0                   0                9308                9708                9652                9610                8441
      74                    0                   0                   0                   0                   0                9316                9718                9662                9620                8468
      75                    0                   0                   0                   0                   0                9324                9749                9693                9651                7484
      76                    0                   0                   0                   0                   0                9325                9752                9696                9654                8443
      77                    0                   0                   0                   0                   0                9332                9766                9710                9668                8445
      78                    0                   0                   0                   0                   0                9338                9780                9724                9682                8447
      79                    0                   0                   0                   0                   0                9349                9789                9733                9691                8448
      80                    0                   0                   0                   0                   0                9351                9856                9800                9758                8449
      81                    0                   0                   0                   0                   0                9354                9859                9803                9761                8469
      82                    0                   0                   0                   0                   0                9374               10151               10095               10053                8055
      83                    0                   0                   0                   0                   0                9402               10159               10103               10061                8468
      84                    0                   0                   0                   0                   0                9405               10164               10108               10066                8450
      85                    0                   0                   0                   0                   0                9407               10188               10132               10090                8451
      86                    0                   0                   0                   0                   0                9413               10196               10140               10098                8468
      87                    0                   0                   0                   0                   0                9419               10249               10193               10151                8469
      88                    0                   0                   0                   0                   0                9427               10381               10325               10283                8459
      89                    0                   0                   0                   0                   0                9430               10479               10423               10381                8466
      90                    0                   0                   0                   0                   0                9433               10819               10763               10721                8466
      91                    0                   0                   0                   0                   0                9437               10917               10861               10819                8014
      92                    0                   0                   0                   0                   0                9439               11095               11039               11804                8055
      93                    0                   0                   0                   0                   0                9446               11098               11042               11897                8465
      94                    0                   0                   0                   0                   0                9449               11102               11046               12058                8057
      95                    0                   0                   0                   0                   0                9789               11107               11051               12160                8061
      96                    0                   0                   0                   0                   0                9792               11142               11086               12252                8272
      97                    0                   0                   0                   0                   0                9928               11144               11088               12399                8067
      98                    0                   0                   0                   0                   0                9928               11184               11128               12461                8069
      99                    0                   0                   0                   0                   0                9935               11148               11092               12578                8075
     100                    0                   0                   0                   0                   0                9961               11203               11147               12602                8081
     101                    0                   0                   0                   0                   0                9969               11206               11150               12603                8207
     102                    0                   0                   0                   0                   0                9835               11208               11152               12590                8260
     103                    0                   0                   0                   0                   0                9853               11206               11150               12449                8304
     104                    0                   0                   0                   0                   0                9877               11216               11160               12422                8305
     105                    0                   0                   0                   0                   0                9882               11219               11163               12429                8327
     106                    0                   0                   0                   0                   0                9889               11227               11171               12431                8329
     107                    0                   0                   0                   0                   0                9891               11229               11173               12428                8478
     108                    0                   0                   0                   0                   0                9893               11230               11174               11427                8482
     109                    0                   0                   0                   0                   0                9906               11235               11179               11434                8484
     110                    0                   0                   0                   0                   0                9908               11243               11187               11440                8435
     111                    0                   0                   0                   0                   0                9910               11266               11210               11448                8487
     112                    0                   0                   0                   0                   0                9915               11293               11237               11451                8492
     113                    0                   0                   0                   0                   0                9669               11299               11243               11460                8525
     114                    0                   0                   0                   0                   0                9796               11306               11250               11467                8528
     115                    0                   0                   0                   0                   0                9798               11308               11252               11478                8532
     116                    0                   0                   0                   0                   0                9676               11310               11254               11482                8639
     117                    0                   0                   0                   0                   0                9795               11312               11256               11483                8645
     118                    0                   0                   0                   0                   0                9794               11343               11259               11486                8645
     119                    0                   0                   0                   0                   0                9675               11323               11261               11489                8646
     120                    0                   0                   0                   0                   0                9674               11346               11264               11490                8647
     121                    0                   0                   0                   0                   0                   0               11326               11232               11492                8650
     122                    0                   0                   0                   0                   0                   0               11347               11233               11249                8662
     123                    0                   0                   0                   0                   0                   0               11349               10747               11492                8658
     124                    0                   0                   0                   0                   0                   0               11333               10752               11492                8666
     125                    0                   0                   0                   0                   0                   0               11335               10753               11237                8686
     126                    0                   0                   0                   0                   0                   0               11353               10756               11254                8724
     127                    0                   0                   0                   0                   0                   0               11355               10759               11505                8907
     128                    0                   0                   0                   0                   0                   0               11357               10761               11507                8881
     129                    0                   0                   0                   0                   0                   0               11370               10763               11540                8910
     130                    0                   0                   0                   0                   0                   0               11369                9371               11541                8912
     131                    0                   0                   0                   0                   0                   0               11379                9396               11551                9669
     132                    0                   0                   0                   0                   0                   0               11382                9411               11544                9680
     133                    0                   0                   0                   0                   0                   0               11383                9428               11615                9691
     134                    0                   0                   0                   0                   0                   0               11385                9427               11618                9720
     135                    0                   0                   0                   0                   0                   0                9484                9428               11624                9718
     136                    0                   0                   0                   0                   0                   0                9475                9419               11627                9720
     137                    0                   0                   0                   0                   0                   0                9476                9420               11637                9721
     138                    0                   0                   0                   0                   0                   0                9481                9425               11664                9722
     139                    0                   0                   0                   0                   0                   0                9479                9423               11684                9723
     140                    0                   0                   0                   0                   0                   0                9495                9439               11689                9716
     141                    0                   0                   0                   0                   0                   0                9494                9438               11695                9009
     142                    0                   0                   0                   0                   0                   0                9493                9437               11701                9010
     143                    0                   0                   0                   0                   0                   0                9490                9434               11702                9012
     144                    0                   0                   0                   0                   0                   0                9500                9444               11734                9077
     145                    0                   0                   0                   0                   0                   0                9508                9452               11738                9078
     146                    0                   0                   0                   0                   0                   0                9515                9459               11752                9627
     147                    0                   0                   0                   0                   0                   0                9517                9461               11760                9087
     148                    0                   0                   0                   0                   0                   0                9519                9463               11772                9467
     149                    0                   0                   0                   0                   0                   0                9531                9475               11780                9477
     150                    0                   0                   0                   0                   0                   0                9532                9476               11787                9473
     151                    0                   0                   0                   0                   0                   0                9547                9491               11796                9476
     152                    0                   0                   0                   0                   0                   0                9545                9489               11799                9625
     153                    0                   0                   0                   0                   0                   0                9557                9501               11801                9091
     154                    0                   0                   0                   0                   0                   0                9571                9515               11802                9092
     155                    0                   0                   0                   0                   0                   0                9590                9534                9492                9093
     156                    0                   0                   0                   0                   0                   0                9590                9534                9492                9094
     157                    0                   0                   0                   0                   0                   0                9593                9537                9495                9104
     158                    0                   0                   0                   0                   0                   0                9593                9537                9495                9160
     159                    0                   0                   0                   0                   0                   0                   0                   0                   0                9164
     160                    0                   0                   0                   0                   0                   0                   0                   0                   0                9597
     161                    0                   0                   0                   0                   0                   0                   0                   0                   0                9599
     162                    0                   0                   0                   0                   0                   0                   0                   0                   0                9627
     163                    0                   0                   0                   0                   0                   0                   0                   0                   0                9629
     164                    0                   0                   0                   0                   0                   0                   0                   0                   0                9630
     165                    0                   0                   0                   0                   0                   0                   0                   0                   0                9609
     166                    0                   0                   0                   0                   0                   0                   0                   0                   0                9611
     167                    0                   0                   0                   0                   0                   0                   0                   0                   0                9613
     168                    0                   0                   0                   0                   0                   0                   0                   0                   0                9614
     169                    0                   0                   0                   0                   0                   0                   0                   0                   0                9616
     170                    0                   0                   0                   0                   0                   0                   0                   0                   0                9563
     171                    0                   0                   0                   0                   0                   0                   0                   0                   0                9632
     172                    0                   0                   0                   0                   0                   0                   0                   0                   0                9647
     173                    0                   0                   0                   0                   0                   0                   0                   0                   0                9660
     174                    0                   0                   0                   0                   0                   0                   0                   0                   0                9649
     175                    0                   0                   0                   0                   0                   0                   0                   0                   0                9666
     176                    0                   0                   0                   0                   0                   0                   0                   0                   0                9668
     177                    0                   0                   0                   0                   0                   0                   0                   0                   0                9658
     178                    0                   0                   0                   0                   0                   0                   0                   0                   0                9660
     179                    0                   0                   0                   0                   0                   0                   0                   0                   0                9661
     180                    0                   0                   0                   0                   0                   0                   0                   0                   0                9664
     181                    0                   0                   0                   0                   0                   0                   0                   0                   0                9665
     182                    0                   0                   0                   0                   0                   0                   0                   0                   0                9411
     183                    0                   0                   0                   0                   0                   0                   0                   0                   0                9627
     184                    0                   0                   0                   0                   0                   0                   0                   0                   0                9422
     185                    0                   0                   0                   0                   0                   0                   0                   0                   0                9622
     186                    0                   0                   0                   0                   0                   0                   0                   0                   0                9625
     187                    0                   0                   0                   0                   0                   0                   0                   0                   0                9413
     188                    0                   0                   0                   0                   0                   0                   0                   0                   0                9625
     189                    0                   0                   0                   0                   0                   0                   0                   0                   0                9416
     190                    0                   0                   0                   0                   0                   0                   0                   0                   0                9420
     191                    0                   0                   0                   0                   0                   0                   0                   0                   0                9420
     192                    0                   0                   0                   0                   0                   0                   0                   0                   0                9422
