   Depth            BFSolver                A(i)                A(c)           A(+{c,i})         A(+{c,i,4})    A(+{*{i,i},c,4})    A(+{*{s,s},c,4})A(+{*{B,B,s,s},c,4})A(+{*{B,B,a,a},c,4})             A(rand)
       1                    0                   1                   1                   1                   1                   1                   1                   1                   1                   1
       2                    2                   2                   2                   2                   2                   2                   2                   2                   2                   2
       3                    4                   9                   5                   9                   7                  11                  11                  11                  11                   5
       4                    8                  17                  13                  17                  12                  12                  12                  12                  12                  18
       5                   14                  20                  16                  20                  13                  13                  13                  13                  13                  19
       6                   17                  21                  21                  21                  13                  13                  13                  13                  13                  20
       7                   21                  42                  27                  40                  32                  15                  15                  15                  15                  34
       8                   25                 390                  29                 251                 235                  16                  16                  16                  16                  54
       9                   34                3144                  38                 736                 645                  23                  23                  23                  23                  42
      10                   45                 867                  58                 524                 468                  26                  42                  42                  42                  55
      11                   69                3510                  98                1858                1496                  29                  48                  48                  48                  57
      12                  110                8297                 177                4803                3457                  32                  49                  49                  49                  58
      13                  202                9022                 338                6926                7470                  34                  51                  51                  51                  64
      14                  382                8344                 668                9704                7300                  37                  52                  52                  52                  67
      15                  774                9109                1375                9727                7631                  53                  53                  53                  53                  69
      16                 1574                9126                2773                9807                8533                  55                  56                  56                  56                 525
      17                 3226                9123                5596                9877                9284                  60                 129                 129                 129                1091
      18                 6601                9073               10215                9865                9646                  73                 131                 131                 131                7710
      19                13224                9120                   0                9889                9665                  77                 144                 144                 144                3733
      20                26514                8960                   0                9870                9596                  89                 166                 166                 166                4049
      21                38801                9099                   0                9790                9567                  91                 208                 208                 208                7261
      22                    0                8981                   0                9795                9655                  96                 215                 215                 215                7264
      23                    0                8218                   0                9543                9618                 102                 218                 218                 218                4528
      24                    0                8236                   0                9524                9559                 115                 223                 223                 223                7608
      25                    0                   0                   0                9557                9490                 122                 226                 226                 226                7374
      26                    0                   0                   0                9494                   0                 122                 245                 245                 245                7377
      27                    0                   0                   0                   0                   0                 126                 262                 262                 262                9092
      28                    0                   0                   0                   0                   0                 128                 274                 274                 274                9097
      29                    0                   0                   0                   0                   0                 129                 276                 276                 276                9119
      30                    0                   0                   0                   0                   0                 132                 286                 286                 286                9141
      31                    0                   0                   0                   0                   0                 140                 292                 292                 292                9130
      32                    0                   0                   0                   0                   0                 143                 295                 295                 295                9132
      33                    0                   0                   0                   0                   0                 152                 297                 297                 297                9106
      34                    0                   0                   0                   0                   0                 163                 308                 308                 308                9137
      35                    0                   0                   0                   0                   0                 170                 312                 312                 312                9138
      36                    0                   0                   0                   0                   0                 171                 326                 326                 326                9143
      37                    0                   0                   0                   0                   0                 174                 325                 325                 325                9145
      38                    0                   0                   0                   0                   0                 180                 337                 337                 337                9117
      39                    0                   0                   0                   0                   0                 182                 338                 338                 338                9130
      40                    0                   0                   0                   0                   0                 185                 339                 339                 339                9133
      41                    0                   0                   0                   0                   0                 188                 342                 342                 342                9146
      42                    0                   0                   0                   0                   0                 191                1036                1036                1036                9154
      43                    0                   0                   0                   0                   0                 196                 424                 424                 424                9162
      44                    0                   0                   0                   0                   0                 199                1038                1038                1038                9163
      45                    0                   0                   0                   0                   0                 204                1040                1040                1040                9171
      46                    0                   0                   0                   0                   0                 212                1041                1041                1041                9175
      47                    0                   0                   0                   0                   0                7689                 429                 429                 429                9177
      48                    0                   0                   0                   0                   0                7691                1042                1042                1042                9179
      49                    0                   0                   0                   0                   0                7698                 455                 455                 455                9079
      50                    0                   0                   0                   0                   0                7696                1057                1057                1057                9082
      51                    0                   0                   0                   0                   0                7717                1083                1083                1083                9083
      52                    0                   0                   0                   0                   0                7725                1106                1106                1106                9085
      53                    0                   0                   0                   0                   0                7726                1107                1107                1107                8873
      54                    0                   0                   0                   0                   0                7729                1108                1108                1108                8877
      55                    0                   0                   0                   0                   0                7732                1111                1111                1111                8955
      56                    0                   0                   0                   0                   0                7734                1114                1114                1114                8882
      57                    0                   0                   0                   0                   0                7740                1823                1823                1823                8884
      58                    0                   0                   0                   0                   0                7761                1125                1125                1125                8886
      59                    0                   0                   0                   0                   0                7768                1828                1828                1828                8939
      60                    0                   0                   0                   0                   0                7767                1225                1225                1225                9089
      61                    0                   0                   0                   0                   0                7776                1834                1834                1834                9089
      62                    0                   0                   0                   0                   0                7775                1846                1846                1846                9007
      63                    0                   0                   0                   0                   0                7786                1913                1913                1913                9007
      64                    0                   0                   0                   0                   0                7787                1948                1948                1948                9054
      65                    0                   0                   0                   0                   0                7789                2095                2095                2095                9009
      66                    0                   0                   0                   0                   0               13077                2261                2261                2261                9091
      67                    0                   0                   0                   0                   0               13077                2348                2348                2348                9063
      68                    0                   0                   0                   0                   0               13080                2694                2694                2693                9064
      69                    0                   0                   0                   0                   0               11931                2781                2781                2780                9062
      70                    0                   0                   0                   0                   0               13083                2827                2827                2826                9085
      71                    0                   0                   0                   0                   0               11933                2971                2971                2970                9036
      72                    0                   0                   0                   0                   0               13085                3070                3070                3069                9039
      73                    0                   0                   0                   0                   0               13087                3215                3215                3214                9040
      74                    0                   0                   0                   0                   0               13086                3311                3311                3310                9049
      75                    0                   0                   0                   0                   0               13089                3513                3513                3512                9050
      76                    0                   0                   0                   0                   0               13091                3608                3608                3606                9086
      77                    0                   0                   0                   0                   0               13101                3768                3768                3766                9054
      78                    0                   0                   0                   0                   0               13105                3769                3769                3767                9050
      79                    0                   0                   0                   0                   0               13141                3771                3771                3769                8576
      80                    0                   0                   0                   0                   0               13154                5689                5689                5685                8515
      81                    0                   0                   0                   0                   0               13177                5689                5689                5685                8798
      82                    0                   0                   0                   0                   0               13193                5692                5692                5688                8535
      83                    0                   0                   0                   0                   0               13234                3957                3957                3955                8532
      84                    0                   0                   0                   0                   0               13277                5695                5695                5691                8550
      85                    0                   0                   0                   0                   0               13316                3959                3959                3957                8540
      86                    0                   0                   0                   0                   0               13364                5697                5697                5693                8542
      87                    0                   0                   0                   0                   0               13382                5699                5699                5695                8558
      88                    0                   0                   0                   0                   0               13383                5698                5698                5694                8548
      89                    0                   0                   0                   0                   0               13379                5715                5715                5711                8548
      90                    0                   0                   0                   0                   0               13367                5732                5732                5728                8551
      91                    0                   0                   0                   0                   0               13371                5757                5757                5753                8559
      92                    0                   0                   0                   0                   0               13353                5776                5776                5772                8578
      93                    0                   0                   0                   0                   0               13360                5793                5793                5789                8581
      94                    0                   0                   0                   0                   0               12498                5862                5862                5858                8589
      95                    0                   0                   0                   0                   0               12544                5890                5890                5886                8713
      96                    0                   0                   0                   0                   0               12589                5929                5929                5925                8668
      97                    0                   0                   0                   0                   0               12650                5992                5992                5988                8676
      98                    0                   0                   0                   0                   0               12712                6038                6038                6034                8693
      99                    0                   0                   0                   0                   0               12820                6158                6158                6154                8713
     100                    0                   0                   0                   0                   0               12854                6246                6246                6242                8691
     101                    0                   0                   0                   0                   0               12888                6350                6350                6345                8696
     102                    0                   0                   0                   0                   0               12912                6710                6710                6705                8666
     103                    0                   0                   0                   0                   0               12955                6891                6891                6886                8694
     104                    0                   0                   0                   0                   0               12997                6965                6965                6960                8696
     105                    0                   0                   0                   0                   0               13020                7092                7092                7087                8697
     106                    0                   0                   0                   0                   0               13052                9804                9804                9796                8700
     107                    0                   0                   0                   0                   0               13066                9961                9961                9953                8702
     108                    0                   0                   0                   0                   0               13075               10142               10142               10134                8706
     109                    0                   0                   0                   0                   0               13076               10329               10329               10321                8714
     110                    0                   0                   0                   0                   0               13075               10427               10427               10418                8712
     111                    0                   0                   0                   0                   0               13076               10567               10567               10558                8715
     112                    0                   0                   0                   0                   0                7677               10694               10694               10685                8696
     113                    0                   0                   0                   0                   0                7682               10734               10817               10798                   0
     114                    0                   0                   0                   0                   0                7684               10731               10823               10749                   0
     115                    0                   0                   0                   0                   0                7687               10733               10817               10750                   0
     116                    0                   0                   0                   0                   0                7687               10214               10214               10206                   0
     117                    0                   0                   0                   0                   0                7687               10216               10216               10208                   0
     118                    0                   0                   0                   0                   0                7686                8139                8139                8134                   0
     119                    0                   0                   0                   0                   0                7687                8143                8143                8138                   0
     120                    0                   0                   0                   0                   0                   0                8144                8144                8139                   0
     121                    0                   0                   0                   0                   0                   0                8209                8209                8204                   0
     122                    0                   0                   0                   0                   0                   0                8240                8240                8235                   0
     123                    0                   0                   0                   0                   0                   0                8251                8251                8246                   0
     124                    0                   0                   0                   0                   0                   0                8292                8292                8287                   0
     125                    0                   0                   0                   0                   0                   0                8318                8318                8313                   0
     126                    0                   0                   0                   0                   0                   0                8345                8345                8340                   0
     127                    0                   0                   0                   0                   0                   0                8377                8377                8372                   0
     128                    0                   0                   0                   0                   0                   0                8399                8399                8394                   0
     129                    0                   0                   0                   0                   0                   0                8408                8408                8403                   0
     130                    0                   0                   0                   0                   0                   0                8439                8439                8434                   0
     131                    0                   0                   0                   0                   0                   0                8524                8524                8519                   0
     132                    0                   0                   0                   0                   0                   0                8668                8668                8663                   0
     133                    0                   0                   0                   0                   0                   0                8754                8754                8749                   0
     134                    0                   0                   0                   0                   0                   0                9019                9019                9013                   0
     135                    0                   0                   0                   0                   0                   0                9046                9046                9040                   0
     136                    0                   0                   0                   0                   0                   0                9077                9077                9071                   0
     137                    0                   0                   0                   0                   0                   0                9111                9111                9105                   0
     138                    0                   0                   0                   0                   0                   0                9164                9164                9158                   0
     139                    0                   0                   0                   0                   0                   0                9215                9215                9209                   0
     140                    0                   0                   0                   0                   0                   0                9262                9262                9255                   0
     141                    0                   0                   0                   0                   0                   0                9327                9327                9320                   0
     142                    0                   0                   0                   0                   0                   0                9359                9359                9352                   0
     143                    0                   0                   0                   0                   0                   0                9471                9471                9464                   0
     144                    0                   0                   0                   0                   0                   0                9499                9499                9492                   0
     145                    0                   0                   0                   0                   0                   0                9538                9538                9531                   0
     146                    0                   0                   0                   0                   0                   0                9578                9578                9571                   0
     147                    0                   0                   0                   0                   0                   0                9610                9610                9603                   0
     148                    0                   0                   0                   0                   0                   0                9649                9649                9642                   0
     149                    0                   0                   0                   0                   0                   0                9676                9676                9669                   0
     150                    0                   0                   0                   0                   0                   0                9712                9712                9704                   0
     151                    0                   0                   0                   0                   0                   0                9735                9735                9727                   0
     152                    0                   0                   0                   0                   0                   0                9749                9749                9741                   0
     153                    0                   0                   0                   0                   0                   0                9771                9771                9763                   0
     154                    0                   0                   0                   0                   0                   0                9775                9775                9767                   0
     155                    0                   0                   0                   0                   0                   0                9781                9781                9773                   0
     156                    0                   0                   0                   0                   0                   0                9785                9785                9777                   0
     157                    0                   0                   0                   0                   0                   0                9787                9787                9779                   0
