   Depth            BFSolver                A(i)                A(c)           A(+{c,i})         A(+{c,i,4})    A(+{*{i,i},c,4})    A(+{*{s,s},c,4})A(+{*{B,B,s,s},c,4})A(+{*{B,B,a,a},c,4})             A(rand)
       1                    0                   1                   1                   1                   1                   1                   1                   1                   1                   1
       2                    3                   4                   4                   4                   4                   3                   3                   3                   3                  19
       3                    5                   6                   6                   6                   6                   4                   4                   4                   4                  20
       4                    7                   8                   8                   8                   8                   5                   5                   5                   5                   5
       5                    9                  11                  11                  11                  11                   6                   6                   6                   6                   6
       6                   11                  14                  14                  14                  14                   8                   8                   8                   8                   8
       7                   13                  17                  17                  17                  17                  10                  10                  10                  10                  10
       8                   14                  18                  18                  18                  18                  12                  12                  12                  12                  20
       9                   15                  19                  19                  19                  19                  14                  14                  14                  14                  20
      10                   16                  20                  20                  20                  20                  15                  15                  15                  15                  19
      11                   17                  25                  25                  25                  25                  16                  16                  16                  16                  18
      12                   19                  43                  35                  35                  35                  22                  19                  19                  19                  19
      13                   24                  74                  48                  49                  49                  26                  23                  23                  23                  20
      14                   33                 117                  51                  51                  51                  25                  24                  24                  24                  23
      15                   49                 309                  60                 134                 134                  28                  25                  25                  25                2057
      16                   73                 715                  81                 213                 213                  29                  27                  27                  27                1879
      17                  113                1449                 114                 250                 250                 536                  32                  32                  32                1925
      18                  168                2684                 134                 310                 310                5823                  34                  34                  34                5641
      19                  244                4580                 151                 397                 382                5824                  35                  35                  35                5661
      20                  346                5191                 173                 525                 491                5825                  36                  36                  36                5663
      21                  489                5194                 185                 577                 540                 663                  39                  39                  39                5686
      22                  665                5123                 203                 297                 297                 705                  43                  43                  43                6074
      23                  891                5228                 224                 315                 315                 163                  62                  62                  47                6075
      24                 1161                5219                 286                 404                 389                1232                  65                  65                  53                6062
      25                 1490                5224                 324                 516                 482                2209                  76                  76                  69                6167
      26                 1884                5239                 374                 652                 612                2407                  87                  87                  60               10863
      27                 2374                5230                 437                 905                 850                2606                  97                  97                  76                9670
      28                 2926                5226                 477                1094                 999                2968                 108                 108                  81               10821
      29                 3570                5236                 517                1170                1074                3306                 109                 109                  85               10155
      30                 4282                   0                 544                1469                1338                3369                 114                 114                  87               10122
      31                 5046                   0                 599                1596                1430                3469                 452                 489                  88                9942
      32                 5871                   0                 631                1322                1208                3611                 583                 567                  93               10773
      33                 6773                   0                 725                1459                1329                3736                 584                 569                 203               10188
      34                 7716                   0                 771                1157                1075                3762                 584                 571                 488               10618
      35                 8693                   0                 900                1228                1133                4816                 581                 573                 240               10157
      36                 9694                   0                1018                1475                1344                5154                 578                 573                 242               10109
      37                10713                   0                1142                1693                1482                5189                 470                 507                 244               10123
      38                11724                   0                1300                2031                1806                5518                 471                 508                 487               10845
      39                12763                   0                1467                2124                1889                5832                 478                 515                 487               10859
      40                13793                   0                1705                2516                2195                5834                 576                 572                 222               10848
      41                14848                   0                1920                2685                2364                5609                 579                 576                 226               10861
      42                15906                   0                2133                2941                2597                5617                 592                 589                 251               10865
      43                16982                   0                2239                3168                2794                5618                 599                 596                 489               10860
      44                18041                   0                2404                3604                3232                5622                 612                 611                 490               10854
      45                19137                   0                2547                3783                3449                5641                 635                 634                 502               10868
      46                20235                   0                2641                3932                3248                5622                 653                 653                 514               10872
      47                21379                   0                2716                4315                3608                5644                 655                 655                 538               10890
      48                22510                   0                2800                4705                4382                5645                 945                 658                 551               11074
      49                23646                   0                2839                4738                4415                5660                 977                 662                 553               11051
      50                24770                   0                3119                4698                4375                5667                 980                 673                 556               12130
      51                25940                   0                3382                4735                4675                5681                1031                 686                 560               11054
      52                27107                   0                3504                4803                4666                5684                1550                 692                1593               12349
      53                28337                   0                3678                4836                4655                5687                1017                 896                1599               12359
      54                29593                   0                4089                4844                4673                5688                1610                 894                1605               12365
      55                30894                   0                4559                4858                4678                5690                1645                 900                1651               12366
      56                32200                   0                4753                4723                4400                5691                1654                 904                1651               12367
      57                33506                   0                   0                4800                4675                5807                1673                 910                1652               12368
      58                34774                   0                   0                   0                   0                5836                2777                 909                1659               10913
      59                36013                   0                   0                   0                   0                5835                2788                 910                1662               10927
      60                37222                   0                   0                   0                   0                5695                2870                 729                1662               10946
      61                38381                   0                   0                   0                   0                5708                2919                 911                1664               12032
      62                39482                   0                   0                   0                   0                5747                2949                 739                1664               11011
      63                40517                   0                   0                   0                   0                5750                2950                 914                1663               11070
      64                41475                   0                   0                   0                   0                5780                3020                 919                1661               11072
      65                42348                   0                   0                   0                   0                5780                3021                 937                1665               12021
      66                43123                   0                   0                   0                   0                5781                3022                 943                1670               11984
      67                43797                   0                   0                   0                   0                5782                3023                 972                1672               12016
      68                44394                   0                   0                   0                   0                5785                3024                 975                1673               12017
      69                44906                   0                   0                   0                   0                5788                3037                 999                1672               12023
      70                45368                   0                   0                   0                   0                5795                3078                1639                1684               12024
      71                45787                   0                   0                   0                   0                5796                3081                1652                1699               12132
      72                46188                   0                   0                   0                   0                5800                3111                1652                1703               12027
      73                46576                   0                   0                   0                   0                5197                3111                1655                1726               12131
      74                46940                   0                   0                   0                   0                5818                3120                1656                1740               12029
      75                47310                   0                   0                   0                   0                5913                3125                1658                1756               12378
      76                47678                   0                   0                   0                   0                5912                3139                1658                1758               12379
      77                48045                   0                   0                   0                   0                5283                3557                1658                1765               12380
      78                48412                   0                   0                   0                   0                5284                3978                1659                1768               12381
      79                48784                   0                   0                   0                   0                5290                4011                1660                1769               12382
      80                49169                   0                   0                   0                   0                5294                4018                1661                1768               12383
      81                49568                   0                   0                   0                   0                5463                4054                1683                1769               12384
      82                49978                   0                   0                   0                   0                5291                4066                1808                1770               12933
      83                50372                   0                   0                   0                   0                5295                4079                1811                1771               12934
      84                50746                   0                   0                   0                   0                5463                4106                1812                1772               12935
      85                51102                   0                   0                   0                   0                5403                4104                1825                1790               12936
      86                51441                   0                   0                   0                   0                5463                3904                1828                1864               12407
      87                51749                   0                   0                   0                   0                5415                3966                1856                1866               12408
      88                52036                   0                   0                   0                   0                5471                3967                1864                1867               12409
      89                52292                   0                   0                   0                   0                5477                3966                1893                1878               12410
      90                52528                   0                   0                   0                   0                5839                3972                1903                1879               12598
      91                52733                   0                   0                   0                   0                5455                3791                1905                1894               12706
      92                52929                   0                   0                   0                   0                5454                3976                1908                1898               12709
      93                53106                   0                   0                   0                   0                5461                3807                1939                1924               12991
      94                53279                   0                   0                   0                   0                5401                3980                1937                1931               13138
      95                53433                   0                   0                   0                   0                5464                3814                1943                1933               13053
      96                53572                   0                   0                   0                   0                5412                4012                1954                1936               13138
      97                53687                   0                   0                   0                   0                5465                4012                1950                1977               13142
      98                53776                   0                   0                   0                   0                5426                4054                1963                1975               13147
      99                53844                   0                   0                   0                   0                5464                4068                1960                1981               13198
     100                53897                   0                   0                   0                   0                5468                4096                1969                1986               13151
     101                53936                   0                   0                   0                   0                5475                4104                1967                1989               13288
     102                53966                   0                   0                   0                   0                5822                4052                1972                1992               13391
     103                53988                   0                   0                   0                   0                5905                3968                1973                1999               13297
     104                54003                   0                   0                   0                   0                5907                3970                1974                2004               13295
     105                54014                   0                   0                   0                   0                5874                3970                1975                2002               13297
     106                54022                   0                   0                   0                   0                5883                3976                1989                2007               13795
     107                54030                   0                   0                   0                   0                5888                3974                2001                2008               13820
     108                    0                   0                   0                   0                   0                5894                3978                2028                2009               13821
     109                    0                   0                   0                   0                   0                5894                3974                2029                2010               13824
     110                    0                   0                   0                   0                   0                5900                3988                2030                2028               13838
     111                    0                   0                   0                   0                   0                5900                3984                2031                2045               13840
     112                    0                   0                   0                   0                   0                5902                4021                2032                2031               13856
     113                    0                   0                   0                   0                   0                5903                2960                2044                2049               13836
     114                    0                   0                   0                   0                   0                5914                2995                2079                2056               13818
     115                    0                   0                   0                   0                   0                5915                4079                2082                2057               13819
     116                    0                   0                   0                   0                   0                5916                4104                2115                2058               13820
     117                    0                   0                   0                   0                   0                5917                2989                2115                2059               13370
     118                    0                   0                   0                   0                   0                4768                2617                2347                2060               13819
     119                    0                   0                   0                   0                   0                4809                2679                2368                2075               13379
     120                    0                   0                   0                   0                   0                   0                2678                2377                2091               13376
     121                    0                   0                   0                   0                   0                   0                2761                2429                2114               13393
     122                    0                   0                   0                   0                   0                   0                2775                2437                2256               13395
     123                    0                   0                   0                   0                   0                   0                2865                2504                2118               13404
     124                    0                   0                   0                   0                   0                   0                2904                2512                2300               13398
     125                    0                   0                   0                   0                   0                   0                2935                2531                2319               13401
     126                    0                   0                   0                   0                   0                   0                2963                2533                2329               13404
     127                    0                   0                   0                   0                   0                   0                2994                2537                2430               13405
     128                    0                   0                   0                   0                   0                   0                4073                2537                2443               13417
     129                    0                   0                   0                   0                   0                   0                4104                2535                2447               13506
     130                    0                   0                   0                   0                   0                   0                2659                2372                2371               13508
     131                    0                   0                   0                   0                   0                   0                2690                2385                2377               13525
     132                    0                   0                   0                   0                   0                   0                2766                2434                2382               13707
     133                    0                   0                   0                   0                   0                   0                2782                2438                2387               13706
     134                    0                   0                   0                   0                   0                   0                2859                2501                2392               13525
     135                    0                   0                   0                   0                   0                   0                2831                2473                2401               13728
     136                    0                   0                   0                   0                   0                   0                2832                2474                2404               13726
     137                    0                   0                   0                   0                   0                   0                2833                2475                2257               13727
     138                    0                   0                   0                   0                   0                   0                2836                2478                2294               13728
     139                    0                   0                   0                   0                   0                   0                2847                2489                2260               13482
     140                    0                   0                   0                   0                   0                   0                4101                2532                2261               13484
     141                    0                   0                   0                   0                   0                   0                4102                2533                2262               13525
     142                    0                   0                   0                   0                   0                   0                4103                2534                2265               13528
     143                    0                   0                   0                   0                   0                   0                4104                2535                2276               13556
     144                    0                   0                   0                   0                   0                   0                2901                2514                2447               13534
     145                    0                   0                   0                   0                   0                   0                2933                2529                2448               13605
     146                    0                   0                   0                   0                   0                   0                   0                   0                2449               13547
     147                    0                   0                   0                   0                   0                   0                   0                   0                2450               13556
     148                    0                   0                   0                   0                   0                   0                   0                   0                2288               13754
     149                    0                   0                   0                   0                   0                   0                   0                   0                2291               13841
     150                    0                   0                   0                   0                   0                   0                   0                   0                   0               13856
     151                    0                   0                   0                   0                   0                   0                   0                   0                   0               13857
     152                    0                   0                   0                   0                   0                   0                   0                   0                   0               13846
     153                    0                   0                   0                   0                   0                   0                   0                   0                   0               13848
     154                    0                   0                   0                   0                   0                   0                   0                   0                   0               13856
     155                    0                   0                   0                   0                   0                   0                   0                   0                   0               13857
     156                    0                   0                   0                   0                   0                   0                   0                   0                   0               13857
     157                    0                   0                   0                   0                   0                   0                   0                   0                   0               13793
     158                    0                   0                   0                   0                   0                   0                   0                   0                   0               13794
     159                    0                   0                   0                   0                   0                   0                   0                   0                   0               13793
     160                    0                   0                   0                   0                   0                   0                   0                   0                   0               13819
     161                    0                   0                   0                   0                   0                   0                   0                   0                   0               13742
     162                    0                   0                   0                   0                   0                   0                   0                   0                   0               13818
     163                    0                   0                   0                   0                   0                   0                   0                   0                   0               13819
     164                    0                   0                   0                   0                   0                   0                   0                   0                   0               13753
     165                    0                   0                   0                   0                   0                   0                   0                   0                   0               13751
     166                    0                   0                   0                   0                   0                   0                   0                   0                   0               13856
     167                    0                   0                   0                   0                   0                   0                   0                   0                   0               13859
     168                    0                   0                   0                   0                   0                   0                   0                   0                   0               13861
     169                    0                   0                   0                   0                   0                   0                   0                   0                   0               13694
     170                    0                   0                   0                   0                   0                   0                   0                   0                   0               13707
     171                    0                   0                   0                   0                   0                   0                   0                   0                   0               13700
     172                    0                   0                   0                   0                   0                   0                   0                   0                   0               13702
     173                    0                   0                   0                   0                   0                   0                   0                   0                   0               13704
     174                    0                   0                   0                   0                   0                   0                   0                   0                   0               13705
     175                    0                   0                   0                   0                   0                   0                   0                   0                   0               13706
     176                    0                   0                   0                   0                   0                   0                   0                   0                   0               13707
     177                    0                   0                   0                   0                   0                   0                   0                   0                   0               13708
