   Depth            BFSolver                A(i)                A(c)           A(+{c,i})         A(+{c,i,4})    A(+{*{i,i},c,4})    A(+{*{s,s},c,4})A(+{*{B,B,s,s},c,4})A(+{*{B,B,a,a},c,4})             A(rand)
       1                    0                   1                   1                   1                   1                   1                   1                   1                   1                   1
       2                    3                   4                   4                   4                   4                   3                   3                   3                  10                   3
       3                    5                   8                   8                   8                   8                   4                   4                   4                  11                   4
       4                   10                  20                  17                  20                  20                   7                   7                   7                  13                   9
       5                   18                  44                  30                  44                  44                  10                  10                  10                  15                  10
       6                   30                  71                  48                  71                  71                  12                  12                  12                  30                 304
       7                   49                 132                  81                 127                 127                  13                  13                  13                  35                 310
       8                   83                 331                 132                 303                 296                  15                  15                  15                  47                 333
       9                  143                 739                 209                 534                 517                  19                  19                  19                  53                 394
      10                  231                1298                 297                 986                 939                  24                  24                  24                  57                 395
      11                  357                2327                 448                1526                1426                  71                  71                  71                  58                1012
      12                  549                3766                 657                1851                1705                  75                  75                  75                  62                 337
      13                  825                6446                 953                2498                2285                 107                 107                 107                  66                 396
      14                 1215                9966                1327                3514                3177                 115                 115                 111                  67                 397
      15                 1788               10037                1846                5776                5135                1431                1431                1930                  70                 967
      16                 2566               10044                2456                7582                6695                1514                1514                1933                  81                2558
      17                 3705               10063                3304                9666               10297                1530                1530                1951                  84                2680
      18                 5197               10049                4306               10124               10404                9487                9487               14512                  85                2692
      19                 7362               10065                5639               10110               10418                9488                9488               14513                  86                2734
      20                10161               10068                7311               10123               10443                9489                9489               14514                5752                2735
      21                14223               10043                9398               10120               10447                9490                9490               14515                5753                2736
      22                19303               10043                9882               10125               10450                9585                9585               14517                5755                2722
      23                26655                9844                   0               10112               10442               10162                9983               14519                5756                2802
      24                35541                9914                   0               10085               10446                9587                9587               14536                5758                2809
      25                48057                8561                   0               10116               10387                9592                9592               14541                5762                3318
      26                56709                   0                   0                9878               10455               10190               10037               14550                5774                4169
      27                    0                   0                   0                9344               10133               10556               10117               14560                5784                4173
      28                    0                   0                   0                   0               10108               10573               10130               14564                5787                4175
      29                    0                   0                   0                   0               10146               10574               10131               14565                5793                3409
      30                    0                   0                   0                   0                   0               10576               10133               14569                5808               11917
      31                    0                   0                   0                   0                   0               11608               11165               14573                6151                7506
      32                    0                   0                   0                   0                   0               10658               10215               14605                6162                9089
      33                    0                   0                   0                   0                   0               11681               11238               14577                7329               11928
      34                    0                   0                   0                   0                   0               10668               10225               14587                7343               11929
      35                    0                   0                   0                   0                   0               11755               11312               14609                7350               11930
      36                    0                   0                   0                   0                   0               11774               11331               14611                7352                9120
      37                    0                   0                   0                   0                   0               11787               11344               14625                7358                9156
      38                    0                   0                   0                   0                   0               11793               11350               14626                7358               12109
      39                    0                   0                   0                   0                   0               11826               11383               14629                7360                9164
      40                    0                   0                   0                   0                   0               11837               11394               14630                7362               10947
      41                    0                   0                   0                   0                   0               11878               11435               14631                7366               11921
      42                    0                   0                   0                   0                   0               11990               11547               14633                7374               12409
      43                    0                   0                   0                   0                   0               12040               11597               14634                7393               12416
      44                    0                   0                   0                   0                   0               12069               11626               14635                7767               12417
      45                    0                   0                   0                   0                   0               12128               11685               14636                7403               12418
      46                    0                   0                   0                   0                   0               12181               11738               14637                7765               12420
      47                    0                   0                   0                   0                   0               12197               11754               14638               19974               12421
      48                    0                   0                   0                   0                   0               12199               11756               14669               22187               12422
      49                    0                   0                   0                   0                   0               12205               11762               15636               19974               12331
      50                    0                   0                   0                   0                   0               12296               11853               15637               22185               12334
      51                    0                   0                   0                   0                   0               12299               11856               15682               19974               12484
      52                    0                   0                   0                   0                   0               12299               11856               15685               22184               12488
      53                    0                   0                   0                   0                   0               12300               11857               15692                7804               12620
      54                    0                   0                   0                   0                   0               12300               11857               15699               19983               12496
      55                    0                   0                   0                   0                   0               12302               11859               15712               22184               12511
      56                    0                   0                   0                   0                   0               12303               11860               15721               20000               12506
      57                    0                   0                   0                   0                   0               12303               11860               15726               22187               12509
      58                    0                   0                   0                   0                   0               13648               11884               15735               22998               12510
      59                    0                   0                   0                   0                   0               14929               11884               15748               22999               12504
      60                    0                   0                   0                   0                   0               15095               11885               15753               22997               12512
      61                    0                   0                   0                   0                   0               15153               11886               15768               22998               12516
      62                    0                   0                   0                   0                   0               15643               11887               15769               23021               12517
      63                    0                   0                   0                   0                   0               15698               11900               15769               23022               12519
      64                    0                   0                   0                   0                   0               15826               11902               15770               23034               12521
      65                    0                   0                   0                   0                   0               15169               11913               15782               23044               12522
      66                    0                   0                   0                   0                   0               15857               11921               15866               23067               12523
      67                    0                   0                   0                   0                   0               15940               11934               15877               23067               12524
      68                    0                   0                   0                   0                   0               16262               11942               16289               23067               12569
      69                    0                   0                   0                   0                   0               16263               11952               16296               23065               12571
      70                    0                   0                   0                   0                   0               16265               11961               16300               23065               12534
      71                    0                   0                   0                   0                   0               16269               11961               16306               23070               12645
      72                    0                   0                   0                   0                   0               16271               11965               16320               23077               12646
      73                    0                   0                   0                   0                   0               16274               11675               16321               23077               12647
      74                    0                   0                   0                   0                   0               16275               11140               16321               23077               12650
      75                    0                   0                   0                   0                   0               16279               11142               16322               23089               12787
      76                    0                   0                   0                   0                   0               16281               11145               16324               23090               12788
      77                    0                   0                   0                   0                   0               16286               11149               16327               23106               12660
      78                    0                   0                   0                   0                   0               16287               11164               16329               23112               12868
      79                    0                   0                   0                   0                   0               16289               11206               16333               23114               12800
      80                    0                   0                   0                   0                   0               16291               11235               16334               23118               13063
      81                    0                   0                   0                   0                   0               16292               11265               16337               23137               13079
      82                    0                   0                   0                   0                   0               15550               11308               16342               23142               13080
      83                    0                   0                   0                   0                   0               15553               11320               16350               23141               13132
      84                    0                   0                   0                   0                   0               15556               11322               16366               23149               13133
      85                    0                   0                   0                   0                   0               15618               11348               16429               23148               13134
      86                    0                   0                   0                   0                   0               15695               10015               16431               23149               13137
      87                    0                   0                   0                   0                   0               15814               10017               16586               23148               13115
      88                    0                   0                   0                   0                   0               15843                   0               16427               23150               13129
      89                    0                   0                   0                   0                   0               15908                   0               16585               23153               13130
      90                    0                   0                   0                   0                   0               16035                   0               16427               23151               13123
      91                    0                   0                   0                   0                   0               16331                   0               16584               23153               13131
      92                    0                   0                   0                   0                   0               16321                   0               16506               23156               13138
      93                    0                   0                   0                   0                   0               16322                   0               16586               23158               13139
      94                    0                   0                   0                   0                   0               16323                   0               16506               23160               13173
      95                    0                   0                   0                   0                   0               16324                   0               16507               23164               13176
      96                    0                   0                   0                   0                   0               16325                   0               16549               23171               13179
      97                    0                   0                   0                   0                   0               16156                   0               16551               23171               13178
      98                    0                   0                   0                   0                   0               16164                   0               16583               23173               13165
      99                    0                   0                   0                   0                   0               16165                   0               16582               23176               13162
     100                    0                   0                   0                   0                   0               16166                   0               16583               23178               13165
     101                    0                   0                   0                   0                   0               16168                   0               16584               23173               13167
     102                    0                   0                   0                   0                   0               16177                   0               16585               23171               13169
     103                    0                   0                   0                   0                   0               16211                   0               16582               23167               13171
     104                    0                   0                   0                   0                   0               16219                   0               16583               23167               13129
     105                    0                   0                   0                   0                   0               16220                   0               16577               23165               13045
     106                    0                   0                   0                   0                   0               16221                   0               16584               23165               13043
     107                    0                   0                   0                   0                   0               16222                   0               16584               23171               13047
     108                    0                   0                   0                   0                   0               16223                   0               16586               23172               13005
     109                    0                   0                   0                   0                   0               16236                   0               16586               23172               13001
     110                    0                   0                   0                   0                   0               16245                   0               16585               23177               10944
     111                    0                   0                   0                   0                   0               16256                   0               15637               23186               10945
     112                    0                   0                   0                   0                   0               16332                   0               15637               23187               10946
     113                    0                   0                   0                   0                   0               16333                   0               15636               23207                6647
     114                    0                   0                   0                   0                   0               16335                   0               15636               23211                6634
     115                    0                   0                   0                   0                   0               16336                   0               15121               23215                6636
     116                    0                   0                   0                   0                   0               16348                   0               15128               23218                6641
     117                    0                   0                   0                   0                   0               16349                   0               15128               23221                6642
     118                    0                   0                   0                   0                   0               16353                   0               15168               23228                6645
     119                    0                   0                   0                   0                   0               16109                   0               15168               23229                6646
     120                    0                   0                   0                   0                   0               16110                   0               15171               23235                   0
     121                    0                   0                   0                   0                   0               16082                   0               15167               23255                   0
     122                    0                   0                   0                   0                   0               16109                   0               15170               23277                   0
     123                    0                   0                   0                   0                   0               16110                   0                   0               23291                   0
     124                    0                   0                   0                   0                   0               16095                   0                   0               23294                   0
     125                    0                   0                   0                   0                   0               16110                   0                   0               23307                   0
     126                    0                   0                   0                   0                   0               16096                   0                   0               23317                   0
     127                    0                   0                   0                   0                   0               16110                   0                   0               23327                   0
     128                    0                   0                   0                   0                   0               14779                   0                   0               23333                   0
     129                    0                   0                   0                   0                   0               15890                   0                   0               23340                   0
     130                    0                   0                   0                   0                   0               16034                   0                   0               23351                   0
     131                    0                   0                   0                   0                   0               15886                   0                   0               23357                   0
     132                    0                   0                   0                   0                   0               15887                   0                   0               23365                   0
     133                    0                   0                   0                   0                   0               15889                   0                   0               23379                   0
     134                    0                   0                   0                   0                   0               14714                   0                   0               23391                   0
     135                    0                   0                   0                   0                   0               14715                   0                   0               23391                   0
     136                    0                   0                   0                   0                   0               14716                   0                   0               23486                   0
     137                    0                   0                   0                   0                   0                   0                   0                   0               23485                   0
     138                    0                   0                   0                   0                   0                   0                   0                   0               23485                   0
     139                    0                   0                   0                   0                   0                   0                   0                   0               23486                   0
     140                    0                   0                   0                   0                   0                   0                   0                   0               23400                   0
     141                    0                   0                   0                   0                   0                   0                   0                   0               23486                   0
     142                    0                   0                   0                   0                   0                   0                   0                   0               23487                   0
     143                    0                   0                   0                   0                   0                   0                   0                   0               23488                   0
     144                    0                   0                   0                   0                   0                   0                   0                   0               23488                   0
     145                    0                   0                   0                   0                   0                   0                   0                   0               23447                   0
     146                    0                   0                   0                   0                   0                   0                   0                   0               23487                   0
     147                    0                   0                   0                   0                   0                   0                   0                   0               23461                   0
     148                    0                   0                   0                   0                   0                   0                   0                   0               23484                   0
     149                    0                   0                   0                   0                   0                   0                   0                   0               23492                   0
     150                    0                   0                   0                   0                   0                   0                   0                   0               23488                   0
     151                    0                   0                   0                   0                   0                   0                   0                   0               23495                   0
     152                    0                   0                   0                   0                   0                   0                   0                   0               23501                   0
     153                    0                   0                   0                   0                   0                   0                   0                   0               23508                   0
     154                    0                   0                   0                   0                   0                   0                   0                   0               23514                   0
     155                    0                   0                   0                   0                   0                   0                   0                   0               23527                   0
     156                    0                   0                   0                   0                   0                   0                   0                   0               23529                   0
     157                    0                   0                   0                   0                   0                   0                   0                   0               23541                   0
     158                    0                   0                   0                   0                   0                   0                   0                   0               23542                   0
     159                    0                   0                   0                   0                   0                   0                   0                   0               23539                   0
     160                    0                   0                   0                   0                   0                   0                   0                   0               23542                   0
     161                    0                   0                   0                   0                   0                   0                   0                   0               23546                   0
     162                    0                   0                   0                   0                   0                   0                   0                   0               23551                   0
     163                    0                   0                   0                   0                   0                   0                   0                   0               23555                   0
     164                    0                   0                   0                   0                   0                   0                   0                   0               23562                   0
     165                    0                   0                   0                   0                   0                   0                   0                   0               23557                   0
     166                    0                   0                   0                   0                   0                   0                   0                   0               23558                   0
     167                    0                   0                   0                   0                   0                   0                   0                   0               23560                   0
     168                    0                   0                   0                   0                   0                   0                   0                   0               23561                   0
     169                    0                   0                   0                   0                   0                   0                   0                   0               23558                   0
     170                    0                   0                   0                   0                   0                   0                   0                   0               23558                   0
     171                    0                   0                   0                   0                   0                   0                   0                   0               23563                   0
     172                    0                   0                   0                   0                   0                   0                   0                   0               23617                   0
     173                    0                   0                   0                   0                   0                   0                   0                   0               23618                   0
     174                    0                   0                   0                   0                   0                   0                   0                   0               23620                   0
     175                    0                   0                   0                   0                   0                   0                   0                   0               23621                   0
     176                    0                   0                   0                   0                   0                   0                   0                   0               23619                   0
     177                    0                   0                   0                   0                   0                   0                   0                   0               23621                   0
     178                    0                   0                   0                   0                   0                   0                   0                   0               23636                   0
     179                    0                   0                   0                   0                   0                   0                   0                   0               23635                   0
     180                    0                   0                   0                   0                   0                   0                   0                   0               23681                   0
     181                    0                   0                   0                   0                   0                   0                   0                   0               23634                   0
     182                    0                   0                   0                   0                   0                   0                   0                   0               23636                   0
     183                    0                   0                   0                   0                   0                   0                   0                   0               23654                   0
     184                    0                   0                   0                   0                   0                   0                   0                   0               23641                   0
     185                    0                   0                   0                   0                   0                   0                   0                   0               23654                   0
     186                    0                   0                   0                   0                   0                   0                   0                   0               23645                   0
     187                    0                   0                   0                   0                   0                   0                   0                   0               23646                   0
     188                    0                   0                   0                   0                   0                   0                   0                   0               23647                   0
     189                    0                   0                   0                   0                   0                   0                   0                   0               23658                   0
     190                    0                   0                   0                   0                   0                   0                   0                   0               23666                   0
     191                    0                   0                   0                   0                   0                   0                   0                   0               23674                   0
     192                    0                   0                   0                   0                   0                   0                   0                   0               23674                   0
     193                    0                   0                   0                   0                   0                   0                   0                   0               23676                   0
     194                    0                   0                   0                   0                   0                   0                   0                   0               23678                   0
     195                    0                   0                   0                   0                   0                   0                   0                   0               21397                   0
     196                    0                   0                   0                   0                   0                   0                   0                   0               21406                   0
     197                    0                   0                   0                   0                   0                   0                   0                   0               21439                   0
     198                    0                   0                   0                   0                   0                   0                   0                   0               21472                   0
     199                    0                   0                   0                   0                   0                   0                   0                   0               21479                   0
     200                    0                   0                   0                   0                   0                   0                   0                   0               21486                   0
     201                    0                   0                   0                   0                   0                   0                   0                   0               21500                   0
     202                    0                   0                   0                   0                   0                   0                   0                   0               21505                   0
     203                    0                   0                   0                   0                   0                   0                   0                   0               21510                   0
     204                    0                   0                   0                   0                   0                   0                   0                   0               21515                   0
     205                    0                   0                   0                   0                   0                   0                   0                   0               21526                   0
     206                    0                   0                   0                   0                   0                   0                   0                   0               21581                   0
     207                    0                   0                   0                   0                   0                   0                   0                   0               21614                   0
     208                    0                   0                   0                   0                   0                   0                   0                   0               21632                   0
     209                    0                   0                   0                   0                   0                   0                   0                   0               21639                   0
     210                    0                   0                   0                   0                   0                   0                   0                   0               21642                   0
     211                    0                   0                   0                   0                   0                   0                   0                   0               21657                   0
     212                    0                   0                   0                   0                   0                   0                   0                   0               21668                   0
     213                    0                   0                   0                   0                   0                   0                   0                   0               21672                   0
     214                    0                   0                   0                   0                   0                   0                   0                   0               21677                   0
     215                    0                   0                   0                   0                   0                   0                   0                   0               21690                   0
     216                    0                   0                   0                   0                   0                   0                   0                   0               21701                   0
     217                    0                   0                   0                   0                   0                   0                   0                   0               21717                   0
     218                    0                   0                   0                   0                   0                   0                   0                   0               21724                   0
     219                    0                   0                   0                   0                   0                   0                   0                   0               21729                   0
     220                    0                   0                   0                   0                   0                   0                   0                   0               21742                   0
     221                    0                   0                   0                   0                   0                   0                   0                   0               21754                   0
     222                    0                   0                   0                   0                   0                   0                   0                   0               21762                   0
     223                    0                   0                   0                   0                   0                   0                   0                   0               21773                   0
     224                    0                   0                   0                   0                   0                   0                   0                   0               21777                   0
     225                    0                   0                   0                   0                   0                   0                   0                   0               21794                   0
     226                    0                   0                   0                   0                   0                   0                   0                   0               21795                   0
     227                    0                   0                   0                   0                   0                   0                   0                   0               21800                   0
     228                    0                   0                   0                   0                   0                   0                   0                   0               21810                   0
     229                    0                   0                   0                   0                   0                   0                   0                   0               21814                   0
     230                    0                   0                   0                   0                   0                   0                   0                   0               21826                   0
     231                    0                   0                   0                   0                   0                   0                   0                   0               21834                   0
     232                    0                   0                   0                   0                   0                   0                   0                   0               21852                   0
     233                    0                   0                   0                   0                   0                   0                   0                   0               21851                   0
     234                    0                   0                   0                   0                   0                   0                   0                   0               21872                   0
     235                    0                   0                   0                   0                   0                   0                   0                   0               21882                   0
     236                    0                   0                   0                   0                   0                   0                   0                   0               21905                   0
     237                    0                   0                   0                   0                   0                   0                   0                   0               21924                   0
     238                    0                   0                   0                   0                   0                   0                   0                   0               21995                   0
     239                    0                   0                   0                   0                   0                   0                   0                   0               22015                   0
     240                    0                   0                   0                   0                   0                   0                   0                   0               22024                   0
     241                    0                   0                   0                   0                   0                   0                   0                   0               22041                   0
     242                    0                   0                   0                   0                   0                   0                   0                   0               22048                   0
     243                    0                   0                   0                   0                   0                   0                   0                   0               22063                   0
     244                    0                   0                   0                   0                   0                   0                   0                   0               22070                   0
     245                    0                   0                   0                   0                   0                   0                   0                   0               22101                   0
     246                    0                   0                   0                   0                   0                   0                   0                   0               22104                   0
     247                    0                   0                   0                   0                   0                   0                   0                   0               22105                   0
     248                    0                   0                   0                   0                   0                   0                   0                   0               22109                   0
     249                    0                   0                   0                   0                   0                   0                   0                   0               22113                   0
     250                    0                   0                   0                   0                   0                   0                   0                   0               22122                   0
     251                    0                   0                   0                   0                   0                   0                   0                   0               22127                   0
     252                    0                   0                   0                   0                   0                   0                   0                   0               22130                   0
     253                    0                   0                   0                   0                   0                   0                   0                   0               22132                   0
     254                    0                   0                   0                   0                   0                   0                   0                   0               22140                   0
     255                    0                   0                   0                   0                   0                   0                   0                   0               22149                   0
     256                    0                   0                   0                   0                   0                   0                   0                   0               22157                   0
     257                    0                   0                   0                   0                   0                   0                   0                   0               22165                   0
     258                    0                   0                   0                   0                   0                   0                   0                   0               22174                   0
     259                    0                   0                   0                   0                   0                   0                   0                   0               22178                   0
     260                    0                   0                   0                   0                   0                   0                   0                   0               22182                   0
     261                    0                   0                   0                   0                   0                   0                   0                   0               22183                   0
     262                    0                   0                   0                   0                   0                   0                   0                   0               22184                   0
     263                    0                   0                   0                   0                   0                   0                   0                   0               22185                   0
     264                    0                   0                   0                   0                   0                   0                   0                   0               22186                   0
     265                    0                   0                   0                   0                   0                   0                   0                   0               22187                   0
