   Depth            BFSolver                A(i)                A(c)           A(+{c,i})         A(+{c,i,4})    A(+{*{i,i},c,4})    A(+{*{s,s},c,4})A(+{*{B,B,s,s},c,4})A(+{*{B,B,a,a},c,4})             A(rand)
       1                    0                   1                   1                   1                   1                   1                   1                   1                   1                   1
       2                    3                   5                   5                   5                   5                 479                   9                   9                   9                  17
       3                    5                   8                   8                   8                   8                   7                   7                   7                   7                  20
       4                    8                  26                  16                  24                  21                 481                  15                  15                  15                  21
       5                   16                  51                  37                  46                  37                 480                  15                  15                  15                  39
       6                   29                  76                  56                  64                  53                 484                  19                  19                  19                  48
       7                   43                 123                  66                 100                  89                 497                 342                 358                 358                  50
       8                   59                 230                  81                 166                 148                 500                 343                 359                 359                 361
       9                   80                 440                  99                 295                 263                 570                 353                 369                 369               11483
      10                  104                 826                 125                 361                 321                 569                 355                 371                 371               11484
      11                  129                1145                 151                 378                 335                 571                 357                 373                 373               11747
      12                  163                1406                 200                 476                 422                 572                 358                 374                 374               11754
      13                  213                1563                 255                 687                 571                 575                 361                 377                 377               11758
      14                  283                2809                 348                 779                 639                 585                 368                 379                 379               11760
      15                  400                3860                 465                 972                 780                 587                 365                 381                 381               11762
      16                  569                4548                 614                1121                 874                 580                 366                 382                 382               11782
      17                  823                6354                 766                1417                1075                 590                 373                 387                 387               11944
      18                 1168                8402                 956                1742                1291                 601                 371                 385                 385               12030
      19                 1653                8433                1137                1841                1358                 611                 377                 391                 391               11878
      20                 2291                8542                1310                2238                1598                 613                 379                 393                 393               11942
      21                 3124                8503                1513                2676                1847                 614                 383                 397                 397               12028
      22                 4174                8582                1699                3342                2119                 618                 387                 401                 401               11947
      23                 5497                8556                1963                3917                2570                 621                 390                 404                 404               11951
      24                 7135                8561                2151                5254                3411                 622                 391                 405                 405               12030
      25                 9145                8528                2448                6209                3786                3561                3509                 409                 409               12031
      26                11574                8577                2754                7272                3885                3650                3591                 411                 411               12033
      27                14461                8585                3164                9741                4248                3804                3651                 413                 413               12034
      28                17839                8569                3532                9381                5355                3802                3622                 418                 418               12042
      29                21808                8502                4060                9727                6304                3950                3724                 421                 421               12042
      30                26363                8522                4584                9883                7859                4059                3857                 422                 422               12042
      31                31607                7963                5350               10140                8202                4134                3892                 427                 427               12047
      32                37487                   0                6054                9924                8353                4316                4223                 429                 429               12048
      33                44164                   0                7104               10150                8631                4136                3894                 430                 430               12051
      34                51650                   0                8007               10165                9318                4139                3897                 431                 431               12023
      35                60016                   0                9367               10168                9735                4647                4341                 432                 432               12024
      36                65298                   0                9875               10166                9741                4199                3965                 435                 435               12027
      37                    0                   0                   0               10164                9734                4200                3966                 437                 437               12028
      38                    0                   0                   0               10129                9742                4203                3969                 439                 768               12030
      39                    0                   0                   0               10166                9739                4856                3950                 495                 769               12008
      40                    0                   0                   0               10165                9752                4900                3971                 468                 772               12005
      41                    0                   0                   0                9953                9745                4920                3971                 501                 501               12006
      42                    0                   0                   0                9983                9736                4937                3977                 503                 774               11948
      43                    0                   0                   0                   0                9747                4213                3973                 506                 774               11943
      44                    0                   0                   0                   0                9613                4214                3976                 512                 813               11941
      45                    0                   0                   0                   0                9679                5358                3963                 511                 816               11899
      46                    0                   0                   0                   0                   0                5396                3979                 559                 778               11343
      47                    0                   0                   0                   0                   0                4224                3984                 563                 816               11148
      48                    0                   0                   0                   0                   0                4223                3983                 585                 818               11150
      49                    0                   0                   0                   0                   0                4225                3985                 586                 822               11151
      50                    0                   0                   0                   0                   0                3604                3441                 567                 821               12061
      51                    0                   0                   0                   0                   0                3654                3478                 568                 835               12062
      52                    0                   0                   0                   0                   0                3769                3514                 572                 840               12063
      53                    0                   0                   0                   0                   0                3879                3580                 586                 848               12103
      54                    0                   0                   0                   0                   0                3968                3648                 737                 851               12104
      55                    0                   0                   0                   0                   0                4078                3689                 738                 881               12176
      56                    0                   0                   0                   0                   0                4313                3829                 739                 882               12178
      57                    0                   0                   0                   0                   0                4341                3870                 740                 883               12189
      58                    0                   0                   0                   0                   0                4602                4216                 742                 885               12193
      59                    0                   0                   0                   0                   0                4630                4244                 745                 888               12195
      60                    0                   0                   0                   0                   0                4655                4292                 746                 889               12196
      61                    0                   0                   0                   0                   0                4668                4331                 750                 893               12197
      62                    0                   0                   0                   0                   0                4726                4361                 758                 901               12198
      63                    0                   0                   0                   0                   0                4847                4399                 761                 904               12202
      64                    0                   0                   0                   0                   0                4859                4406                 762                 905               12617
      65                    0                   0                   0                   0                   0                4903                4403                4508                 907               12618
      66                    0                   0                   0                   0                   0                4926                4405                 765                 908               12562
      67                    0                   0                   0                   0                   0                5235                4233                 767                 910               12566
      68                    0                   0                   0                   0                   0                5291                4233                 768                 911               12576
      69                    0                   0                   0                   0                   0                5356                4011                 773                 916               12577
      70                    0                   0                   0                   0                   0                5388                4012                1529                1696               12584
      71                    0                   0                   0                   0                   0                4408                4013                1617                1750               12603
      72                    0                   0                   0                   0                   0                4411                4021                4283                4412               12594
      73                    0                   0                   0                   0                   0                4518                4125                4511                4648               12607
      74                    0                   0                   0                   0                   0                4436                4125                4283                4415               12609
      75                    0                   0                   0                   0                   0                4437                4126                4513                4650               12611
      76                    0                   0                   0                   0                   0                4440                4131                4288                4420               12613
      77                    0                   0                   0                   0                   0                4578                4192                4512                4649               12614
      78                    0                   0                   0                   0                   0                4577                4191                4511                4648               12615
      79                    0                   0                   0                   0                   0                4603                4213                4291                4423               12616
      80                    0                   0                   0                   0                   0                4581                4195                4511                4648               12619
      81                    0                   0                   0                   0                   0                4581                4195                3233                3477               12506
      82                    0                   0                   0                   0                   0                4611                4202                4293                4425               12508
      83                    0                   0                   0                   0                   0                4649                4218                4512                4649               12620
      84                    0                   0                   0                   0                   0                4667                4250                4293                4425               12621
      85                    0                   0                   0                   0                   0                4825                4312                4509                4646               12628
      86                    0                   0                   0                   0                   0                4839                4326                3676                3914               12629
      87                    0                   0                   0                   0                   0                4859                4363                4310                4442               12641
      88                    0                   0                   0                   0                   0                4899                4388                4509                4646               12642
      89                    0                   0                   0                   0                   0                4927                4408                4515                4652               12636
      90                    0                   0                   0                   0                   0                5222                4409                4516                4653               12637
      91                    0                   0                   0                   0                   0                5303                4410                4517                4654               12638
      92                    0                   0                   0                   0                   0                5360                4412                4519                4656               12557
      93                    0                   0                   0                   0                   0                5394                4415                4522                4659               12556
      94                    0                   0                   0                   0                   0                5417                4416                4523                4660               10454
      95                    0                   0                   0                   0                   0                5418                4418                4525                4662               10458
      96                    0                   0                   0                   0                   0                5419                4725                4527                4664               10478
      97                    0                   0                   0                   0                   0                5424                4423                4530                4667               10477
      98                    0                   0                   0                   0                   0                5426                4722                4531                4668               10477
      99                    0                   0                   0                   0                   0                5427                4425                4532                4669               10477
     100                    0                   0                   0                   0                   0                5428                4745                4536                4673               10471
     101                    0                   0                   0                   0                   0                5429                4764                4538                4675               10477
     102                    0                   0                   0                   0                   0                5432                4771                4555                4686               10478
     103                    0                   0                   0                   0                   0                6055                4777                4557                4688               10478
     104                    0                   0                   0                   0                   0                5495                4776                4718                4710               10489
     105                    0                   0                   0                   0                   0                5496                4780                4734                4827               10483
     106                    0                   0                   0                   0                   0                5499                4784                4794                4894               10362
     107                    0                   0                   0                   0                   0                5473                4785                4795                4895               10393
     108                    0                   0                   0                   0                   0                5501                4787                4797                4897               10483
     109                    0                   0                   0                   0                   0                5508                4790                4800                4900               10489
     110                    0                   0                   0                   0                   0                5509                4791                4801                4901               10395
     111                    0                   0                   0                   0                   0                5778                4819                4829                4929               10396
     112                    0                   0                   0                   0                   0                5779                4828                4838                4938               10394
     113                    0                   0                   0                   0                   0                5780                4821                4831                4931               10397
     114                    0                   0                   0                   0                   0                5782                4830                4840                4940               10334
     115                    0                   0                   0                   0                   0                5862                4824                4834                4934               10349
     116                    0                   0                   0                   0                   0                5786                4830                4840                4940               10350
     117                    0                   0                   0                   0                   0                5872                4831                4841                4941               10365
     118                    0                   0                   0                   0                   0                5994                4841                4851                5028               10366
     119                    0                   0                   0                   0                   0                6007                4842                4852                4952               10914
     120                    0                   0                   0                   0                   0                6028                4843                4853                5028               10366
     121                    0                   0                   0                   0                   0                6053                4844                4854                4954               10362
     122                    0                   0                   0                   0                   0                6098                4845                4855                4955               10363
     123                    0                   0                   0                   0                   0                6111                4846                4856                4956               10365
     124                    0                   0                   0                   0                   0                6118                4859                4869                4961               10365
     125                    0                   0                   0                   0                   0                6119                4882                4888                4978               10038
     126                    0                   0                   0                   0                   0                6120                4901                4907                5028               10039
     127                    0                   0                   0                   0                   0                6124                4907                4913                5030               10045
     128                    0                   0                   0                   0                   0                6127                4921                4920                5039               10044
     129                    0                   0                   0                   0                   0                6131                4936                4929                5050               10045
     130                    0                   0                   0                   0                   0                6133                4940                4932                5060                6279
     131                    0                   0                   0                   0                   0                6135                4942                4934                5062                6280
     132                    0                   0                   0                   0                   0                6136                4945                4937                5065                   0
     133                    0                   0                   0                   0                   0                6139                4949                4941                5069                   0
     134                    0                   0                   0                   0                   0                6140                4959                4951                5079                   0
     135                    0                   0                   0                   0                   0                6142                4958                4948                5076                   0
     136                    0                   0                   0                   0                   0                6144                4967                4952                5080                   0
     137                    0                   0                   0                   0                   0                6149                4965                4954                5082                   0
     138                    0                   0                   0                   0                   0                6157                4968                4956                5084                   0
     139                    0                   0                   0                   0                   0                6158                4969                4957                5085                   0
     140                    0                   0                   0                   0                   0                6158                4970                4958                5086                   0
     141                    0                   0                   0                   0                   0                6161                4974                4962                5090                   0
     142                    0                   0                   0                   0                   0                6162                4978                4966                5094                   0
     143                    0                   0                   0                   0                   0                6165                   0                2437                2571                   0
     144                    0                   0                   0                   0                   0                5845                   0                2462                2596                   0
     145                    0                   0                   0                   0                   0                5850                   0                2551                2685                   0
     146                    0                   0                   0                   0                   0                5849                   0                2552                2686                   0
     147                    0                   0                   0                   0                   0                5861                   0                2551                2685                   0
     148                    0                   0                   0                   0                   0                   0                   0                2505                2639                   0
     149                    0                   0                   0                   0                   0                   0                   0                2552                2686                   0
     150                    0                   0                   0                   0                   0                   0                   0                2639                2773                   0
     151                    0                   0                   0                   0                   0                   0                   0                2553                2687                   0
     152                    0                   0                   0                   0                   0                   0                   0                2637                2771                   0
     153                    0                   0                   0                   0                   0                   0                   0                2554                2688                   0
     154                    0                   0                   0                   0                   0                   0                   0                2557                2691                   0
     155                    0                   0                   0                   0                   0                   0                   0                2557                2691                   0
     156                    0                   0                   0                   0                   0                   0                   0                2560                2694                   0
     157                    0                   0                   0                   0                   0                   0                   0                2637                2771                   0
     158                    0                   0                   0                   0                   0                   0                   0                2811                2945                   0
     159                    0                   0                   0                   0                   0                   0                   0                2638                2772                   0
     160                    0                   0                   0                   0                   0                   0                   0                2576                2710                   0
     161                    0                   0                   0                   0                   0                   0                   0                2637                2771                   0
     162                    0                   0                   0                   0                   0                   0                   0                2636                2770                   0
     163                    0                   0                   0                   0                   0                   0                   0                2635                2769                   0
     164                    0                   0                   0                   0                   0                   0                   0                2635                2769                   0
     165                    0                   0                   0                   0                   0                   0                   0                2811                2945                   0
     166                    0                   0                   0                   0                   0                   0                   0                3045                3171                   0
     167                    0                   0                   0                   0                   0                   0                   0                3047                3173                   0
     168                    0                   0                   0                   0                   0                   0                   0                3209                3335                   0
     169                    0                   0                   0                   0                   0                   0                   0                3049                3175                   0
     170                    0                   0                   0                   0                   0                   0                   0                3207                3333                   0
