   Depth            BFSolver                A(i)                A(c)           A(+{c,i})         A(+{c,i,4})    A(+{*{i,i},c,4})    A(+{*{s,s},c,4})A(+{*{B,B,s,s},c,4})A(+{*{B,B,a,a},c,4})             A(rand)
       1                    0                   1                   1                   1                   1                   1                   1                   1                   1                   1
       2                    4                  10                   9                  10                   9                   4                  17                  17                  17                   5
       3                   10                  18                  18                  18                  17                  18                  18                  18                  18                   7
       4                   17                  36                  24                  36                  32                  12                  19                  19                  19                  11
       5                   31                  93                  50                  59                  48                  19                 209                 209                 204                1466
       6                   55                 220                  81                 133                 114                  24                 214                 214                 209                1467
       7                   86                 248                 130                 201                 164                  25                 215                 215                 210                1468
       8                  140                 566                 171                 426                 337                  27                 217                 217                 212                1478
       9                  221                1259                 248                 707                 534                  37                 227                 227                 222                5952
      10                  343                2594                 330                1023                 743                  98                 243                 243                 238                5956
      11                  521                3701                 473                1016                 660                 103                 250                 250                 245                5970
      12                  752                4555                 613                1708                1166                9425                 260                 260                 255               11867
      13                 1075                6923                 859                2637                1705                9801                 261                 261                 256               12337
      14                 1514                8732                1123                3988                2530               10599                 262                 262                 257               11876
      15                 2082                8909                1571                4934                2957               10598                 266                 266                 261               11877
      16                 2858                8848                2038                6115                3470               12114                 301                 301                 296               11879
      17                 3818                8893                2801                7625                3822               12218                 304                 304                 299                6007
      18                 5100                8942                3261                7962                5654               13098                 306                 306                 301                6016
      19                 6641                8940                4387                7965                6228               13387                 307                 307                 302                6009
      20                 8741                8946                4936                8076                7645               13640                 325                 325                 320                7554
      21                11108                8890                6384                8118                7619               14153                 349                 349                 344                7562
      22                14275                8516                7260                8078                8133               14541                 364                 364                 359               12327
      23                17841                8546                8130                8123                8206               14867                 375                 375                 370                7619
      24                22649                   0                   0                8114                8328               15235                 396                 393                 388                7861
      25                28186                   0                   0                8126                8417               15572                 397                 394                 389               12422
      26                35781                   0                   0                8117                8416               15939                 398                 395                 390               12544
      27                44551                   0                   0                   0                8318               16014                 402                 399                 394               12428
      28                56398                   0                   0                   0                8416               16006                 419                 416                 411               12431
      29                64088                   0                   0                   0                7733               16009                 424                 421                 416               12442
      30                    0                   0                   0                   0                   0               16000                 435                 432                 427               12482
      31                    0                   0                   0                   0                   0               16002                 453                 450                 445               12638
      32                    0                   0                   0                   0                   0               13770                 545                 542                 537               12557
      33                    0                   0                   0                   0                   0               13769                 556                 550                 545               12635
      34                    0                   0                   0                   0                   0               13801                 587                 575                 570               12850
      35                    0                   0                   0                   0                   0               13802                 597                 583                 578               12848
      36                    0                   0                   0                   0                   0               13815                 610                 596                 591               12850
      37                    0                   0                   0                   0                   0               13820                 714                 604                 599               12701
      38                    0                   0                   0                   0                   0               13820                 733                 606                 601               12886
      39                    0                   0                   0                   0                   0               13822                 817                 607                 602               12887
      40                    0                   0                   0                   0                   0               13824                 847                 619                 614               12889
      41                    0                   0                   0                   0                   0               13800                 868                 687                 682               12891
      42                    0                   0                   0                   0                   0               13823                 898                 698                 693               12894
      43                    0                   0                   0                   0                   0               11365                 911                 707                 702               12849
      44                    0                   0                   0                   0                   0               12099                 932                 710                 705               12786
      45                    0                   0                   0                   0                   0               12216                 950                 723                 718               12787
      46                    0                   0                   0                   0                   0               12898                 961                 734                 729               12850
      47                    0                   0                   0                   0                   0               13108                 962                 735                 730               12791
      48                    0                   0                   0                   0                   0               13430                 964                 737                 732               12792
      49                    0                   0                   0                   0                   0               13952                 965                 738                 733               12797
      50                    0                   0                   0                   0                   0               14244                 967                 740                 735               12848
      51                    0                   0                   0                   0                   0               14542                 970                 743                 738               12804
      52                    0                   0                   0                   0                   0               14866                 971                 744                 739               12885
      53                    0                   0                   0                   0                   0               15234                 973                 746                 741               12810
      54                    0                   0                   0                   0                   0               15571                 976                 749                 744               12824
      55                    0                   0                   0                   0                   0               15985                 978                 751                 746               12845
      56                    0                   0                   0                   0                   0               16076                 980                 753                 748               12846
      57                    0                   0                   0                   0                   0               16076                 984                 757                 752               12852
      58                    0                   0                   0                   0                   0               16073                1080                 853                 848               12853
      59                    0                   0                   0                   0                   0               16075                1082                 855                 850               12874
      60                    0                   0                   0                   0                   0               16037                1086                 859                 854               12884
      61                    0                   0                   0                   0                   0               16041                1088                 861                 856               12885
      62                    0                   0                   0                   0                   0               16042                1089                 862                 857               12862
      63                    0                   0                   0                   0                   0               16047                1092                 865                 860               12865
      64                    0                   0                   0                   0                   0               16048                1093                 866                 861               12872
      65                    0                   0                   0                   0                   0               16056                1094                 867                 862               12884
      66                    0                   0                   0                   0                   0               16058                1157                 930                 925               12874
      67                    0                   0                   0                   0                   0               16060                1158                 931                 926               12876
      68                    0                   0                   0                   0                   0               16066                1159                 932                 927               12882
      69                    0                   0                   0                   0                   0               16065                1159                 932                 927               12880
      70                    0                   0                   0                   0                   0               16066                1169                 942                 937               12327
      71                    0                   0                   0                   0                   0               12102                1172                 945                 940               12327
      72                    0                   0                   0                   0                   0               12216                1174                 947                 942               12219
      73                    0                   0                   0                   0                   0               12908                1184                 957                 952               12206
      74                    0                   0                   0                   0                   0               13098                1198                 971                 966               12211
      75                    0                   0                   0                   0                   0               13418                1198                 971                 966               12208
      76                    0                   0                   0                   0                   0               13952                1218                 991                 986               12211
      77                    0                   0                   0                   0                   0               14145                1217                 990                 985               12221
      78                    0                   0                   0                   0                   0               14543                1235                1005                1000               12216
      79                    0                   0                   0                   0                   0               13926                1236                1006                1001               12217
      80                    0                   0                   0                   0                   0               14956                1237                1007                1002               12219
      81                    0                   0                   0                   0                   0                   0               10629               13703               13652               12220
      82                    0                   0                   0                   0                   0                   0               10831               13703               13653               12221
      83                    0                   0                   0                   0                   0                   0               11006                1027               13656               12222
      84                    0                   0                   0                   0                   0                   0               11049                1035               13661               12327
      85                    0                   0                   0                   0                   0                   0               11071                1043               13673               12329
      86                    0                   0                   0                   0                   0                   0               11123                1099               13682               12331
      87                    0                   0                   0                   0                   0                   0               11199                1103               13703               12336
      88                    0                   0                   0                   0                   0                   0               11211                1109               13710               12336
      89                    0                   0                   0                   0                   0                   0               11272                1118               13741               12337
      90                    0                   0                   0                   0                   0                   0               11432                1128               13759               11878
      91                    0                   0                   0                   0                   0                   0               11563                1144               13774               11586
      92                    0                   0                   0                   0                   0                   0               11746                1185               13795               11659
      93                    0                   0                   0                   0                   0                   0               11912                1794               13825               11663
      94                    0                   0                   0                   0                   0                   0               12109               11146               13855               12335
      95                    0                   0                   0                   0                   0                   0               12325               11154               13879               11694
      96                    0                   0                   0                   0                   0                   0               12543               11162               13887               11699
      97                    0                   0                   0                   0                   0                   0               12548               11176               13896               11698
      98                    0                   0                   0                   0                   0                   0               12350               11199               13903               11719
      99                    0                   0                   0                   0                   0                   0               12006               11201               13905               11718
     100                    0                   0                   0                   0                   0                   0               12007               11202               13906               11720
     101                    0                   0                   0                   0                   0                   0               12008               11201               13907               11753
     102                    0                   0                   0                   0                   0                   0               12009               11201               13848               11754
     103                    0                   0                   0                   0                   0                   0               12013               11198               13852               11744
     104                    0                   0                   0                   0                   0                   0               12013               11191               13908               11727
     105                    0                   0                   0                   0                   0                   0               11522               11197               11169               11742
     106                    0                   0                   0                   0                   0                   0               11515                8234               13907               12097
     107                    0                   0                   0                   0                   0                   0               11522                8237                8216               11750
     108                    0                   0                   0                   0                   0                   0               11518               11198               11170               11751
     109                    0                   0                   0                   0                   0                   0               11519                8236               13910               11746
     110                    0                   0                   0                   0                   0                   0               11521                8235                8214               11748
     111                    0                   0                   0                   0                   0                   0               11522               11201               11173               11749
     112                    0                   0                   0                   0                   0                   0               10975                1851               13911                   0
     113                    0                   0                   0                   0                   0                   0               10985                8238                8217                   0
     114                    0                   0                   0                   0                   0                   0               10986               11202               11174                   0
     115                    0                   0                   0                   0                   0                   0               10989                8238                8217                   0
     116                    0                   0                   0                   0                   0                   0               10998               11200               11172                   0
     117                    0                   0                   0                   0                   0                   0               11005                5149                5138                   0
     118                    0                   0                   0                   0                   0                   0               11027               13683                5148                   0
     119                    0                   0                   0                   0                   0                   0               11053               13686                6426                   0
     120                    0                   0                   0                   0                   0                   0               11072                8240                8219                   0
     121                    0                   0                   0                   0                   0                   0               11109               11201               11173                   0
     122                    0                   0                   0                   0                   0                   0               11172                8278               13910                   0
     123                    0                   0                   0                   0                   0                   0               11213               11207               11179                   0
     124                    0                   0                   0                   0                   0                   0               11240               11210               13908                   0
     125                    0                   0                   0                   0                   0                   0               11378               11215               13906                   0
     126                    0                   0                   0                   0                   0                   0               11456               11215               13936                   0
     127                    0                   0                   0                   0                   0                   0               11744               11226               13937                   0
     128                    0                   0                   0                   0                   0                   0               11911               11253               13974                   0
     129                    0                   0                   0                   0                   0                   0               12102               11271               13986                   0
     130                    0                   0                   0                   0                   0                   0               12345               11484               14037                   0
     131                    0                   0                   0                   0                   0                   0               12540               11536               14060                   0
     132                    0                   0                   0                   0                   0                   0               12555               11804               14147                   0
     133                    0                   0                   0                   0                   0                   0               12553               11875               14195                   0
     134                    0                   0                   0                   0                   0                   0               12375               12133               14228                   0
     135                    0                   0                   0                   0                   0                   0               12377               12186               14228                   0
     136                    0                   0                   0                   0                   0                   0               12223               13687               14229                   0
     137                    0                   0                   0                   0                   0                   0               12225               13690               14238                   0
     138                    0                   0                   0                   0                   0                   0               12229               12510               14241                   0
     139                    0                   0                   0                   0                   0                   0               12232               12542               14257                   0
     140                    0                   0                   0                   0                   0                   0               12232               12565               14258                   0
     141                    0                   0                   0                   0                   0                   0               12232               12579               14260                   0
     142                    0                   0                   0                   0                   0                   0               12221               12593               14264                   0
     143                    0                   0                   0                   0                   0                   0               12231               12637               14267                   0
     144                    0                   0                   0                   0                   0                   0               10612               12657               14267                   0
     145                    0                   0                   0                   0                   0                   0               10620               12675               14267                   0
     146                    0                   0                   0                   0                   0                   0               10622               12708               14256                   0
     147                    0                   0                   0                   0                   0                   0               10622               13691               14266                   0
     148                    0                   0                   0                   0                   0                   0               10625               13697               12688                   0
     149                    0                   0                   0                   0                   0                   0               10829               13699               12699                   0
     150                    0                   0                   0                   0                   0                   0               10833               13700               12703                   0
     151                    0                   0                   0                   0                   0                   0               11029               12744               12713                   0
     152                    0                   0                   0                   0                   0                   0               11050               12748               12717                   0
     153                    0                   0                   0                   0                   0                   0               11087               12752               12721                   0
     154                    0                   0                   0                   0                   0                   0               11125               12761               12730                   0
     155                    0                   0                   0                   0                   0                   0               11203               12783               12752                   0
     156                    0                   0                   0                   0                   0                   0               11216               12807               12776                   0
     157                    0                   0                   0                   0                   0                   0               11273               12810               12779                   0
     158                    0                   0                   0                   0                   0                   0               11388               12811               12780                   0
     159                    0                   0                   0                   0                   0                   0               11564               12828               12797                   0
     160                    0                   0                   0                   0                   0                   0               11746               12850               12819                   0
     161                    0                   0                   0                   0                   0                   0               11915               12879               12848                   0
     162                    0                   0                   0                   0                   0                   0               12111               12943               12912                   0
     163                    0                   0                   0                   0                   0                   0               12344               12991               12960                   0
     164                    0                   0                   0                   0                   0                   0               12543               13046               13015                   0
     165                    0                   0                   0                   0                   0                   0               12502               13107               13076                   0
     166                    0                   0                   0                   0                   0                   0               12503               13128               13097                   0
     167                    0                   0                   0                   0                   0                   0               12521               13138               13107                   0
     168                    0                   0                   0                   0                   0                   0               12522               13157               13126                   0
     169                    0                   0                   0                   0                   0                   0               12525               13195               13164                   0
     170                    0                   0                   0                   0                   0                   0               12530               13198               13167                   0
     171                    0                   0                   0                   0                   0                   0               12496               13241               13210                   0
     172                    0                   0                   0                   0                   0                   0               12500               13242               13211                   0
     173                    0                   0                   0                   0                   0                   0               12093               13258               13227                   0
     174                    0                   0                   0                   0                   0                   0               12097               13266               13235                   0
     175                    0                   0                   0                   0                   0                   0               10610               13321               13289                   0
     176                    0                   0                   0                   0                   0                   0               10525               13327               13295                   0
     177                    0                   0                   0                   0                   0                   0                5313               13352               13319                   0
     178                    0                   0                   0                   0                   0                   0                5444               13371               13338                   0
     179                    0                   0                   0                   0                   0                   0                7834               13395               13362                   0
     180                    0                   0                   0                   0                   0                   0               10815               13426               13393                   0
     181                    0                   0                   0                   0                   0                   0                   0               13458               13425                   0
     182                    0                   0                   0                   0                   0                   0                   0               13481               13448                   0
     183                    0                   0                   0                   0                   0                   0                   0               13531               13497                   0
     184                    0                   0                   0                   0                   0                   0                   0               13558               13524                   0
     185                    0                   0                   0                   0                   0                   0                   0               13605               13571                   0
     186                    0                   0                   0                   0                   0                   0                   0               13613               13579                   0
     187                    0                   0                   0                   0                   0                   0                   0               13649               13615                   0
     188                    0                   0                   0                   0                   0                   0                   0               13642               13608                   0
     189                    0                   0                   0                   0                   0                   0                   0               13667               13633                   0
     190                    0                   0                   0                   0                   0                   0                   0               13668               13634                   0
     191                    0                   0                   0                   0                   0                   0                   0               13682               13648                   0
     192                    0                   0                   0                   0                   0                   0                   0               13676               13642                   0
     193                    0                   0                   0                   0                   0                   0                   0               13686               13652                   0
     194                    0                   0                   0                   0                   0                   0                   0               13681               13647                   0
     195                    0                   0                   0                   0                   0                   0                   0               13685               13651                   0
     196                    0                   0                   0                   0                   0                   0                   0               13685               13651                   0
     197                    0                   0                   0                   0                   0                   0                   0               13687               13653                   0
