   Depth            BFSolver                A(i)                A(c)           A(+{c,i})         A(+{c,i,4})    A(+{*{i,i},c,4})    A(+{*{s,s},c,4})A(+{*{B,B,s,s},c,4})A(+{*{B,B,a,a},c,4})             A(rand)
       1                    0                   1                   1                   1                   1                   1                   1                   1                   1                   1
       2                    3                   8                   6                   8                   8                  27                   3                   3                   3                   8
       3                    7                  13                  11                  11                  11                  28                   9                   9                   9                  11
       4                   12                  22                  19                  20                  20                  38                  10                  10                  10                  13
       5                   22                  52                  32                  42                  41                  58                  11                  11                  11                  43
       6                   38                 127                  54                  90                  70                  77                  16                  16                  16                  45
       7                   61                 286                  84                 156                 111                  82                  18                  18                  18                  22
       8                   94                 386                 115                 186                 136                  90                  18                  18                  18                  31
       9                  140                 691                 148                 271                 175                  93                  18                  18                  18                  32
      10                  203                1397                 168                 489                 247                  96                  19                  19                  19                  43
      11                  294                1371                 195                 437                 237                  97                  20                  20                  20                  43
      12                  425                3223                 216                 712                 309                  99                  66                  66                  66                  45
      13                  608                4917                 285                 674                 290                 101                  80                  80                  80                  40
      14                  866                7547                 383                1404                 498                 105                  69                  69                  69                  44
      15                 1238                8177                 529                2734                 801                 108                  79                  79                  79                  45
      16                 1788                8719                 709                3351                 947                 116                  72                  72                  72                  46
      17                 2559                8947                 963                5333                1434                 118                  73                  73                  73                3142
      18                 3663                8939                1216                8985                2284                 121                  78                  78                  78                3143
      19                 5240                8934                1593                8968                2085                 127                  82                  82                  82                3172
      20                 7540                8945                2018                8955                3087                 137                  82                  82                  82                3172
      21                10812                8953                2712                8984                2988                 152                  94                  94                  94                3173
      22                15462                8944                3497                9008                3887                 157                  97                  97                  97                3170
      23                21914                8916                4779                9050                6708                 159                  85                  85                  85                3170
      24                30878                8797                6010                9015                9420                 163                  89                  89                  89                3171
      25                43027                8579                8253                9055               10171                 162                 100                 100                 100                3173
      26                50393                   0                9098                9072               10180                 165                 101                 101                 101                1752
      27                    0                   0                   0                9071               10173                 166                 104                 104                 104                3437
      28                    0                   0                   0                9034               10190                 168                 105                 105                 105                3444
      29                    0                   0                   0                9062               10309                 171                 106                 106                 106                3443
      30                    0                   0                   0                9064               10342                 182                 108                 108                 108                3536
      31                    0                   0                   0                8981               10374                 184                 109                 109                 109                3538
      32                    0                   0                   0                8845               10303                 186                 113                 113                 113                3853
      33                    0                   0                   0                   0               10369                 192                 112                 112                 112                3854
      34                    0                   0                   0                   0               10361                 200                 116                 116                 116                3855
      35                    0                   0                   0                   0               10347                 201                 118                 118                 118                3883
      36                    0                   0                   0                   0               10363                 203                 121                 121                 121                3882
      37                    0                   0                   0                   0               10291                 204                 125                 125                 125                3883
      38                    0                   0                   0                   0                   0                 228                 127                 127                 127               10741
      39                    0                   0                   0                   0                   0                 222                 130                 130                 130               10742
      40                    0                   0                   0                   0                   0                 250                 133                 133                 133               10748
      41                    0                   0                   0                   0                   0                 258                 135                 135                 135               10749
      42                    0                   0                   0                   0                   0                 274                 136                 136                 136               12155
      43                    0                   0                   0                   0                   0                 275                 138                 138                 138               10751
      44                    0                   0                   0                   0                   0                 288                 148                 148                 148                8565
      45                    0                   0                   0                   0                   0                 296                 147                 147                 147                8566
      46                    0                   0                   0                   0                   0                 301                 152                 152                 152               12072
      47                    0                   0                   0                   0                   0                 312                 152                 152                 152               12147
      48                    0                   0                   0                   0                   0                 319                 155                 155                 155               12148
      49                    0                   0                   0                   0                   0                 345                 156                 156                 156               12156
      50                    0                   0                   0                   0                   0                 355                 160                 160                 160               12149
      51                    0                   0                   0                   0                   0                 376                 161                 161                 161               12107
      52                    0                   0                   0                   0                   0                 397                 977                 974                 974               12206
      53                    0                   0                   0                   0                   0                 411                 980                 977                 977               12207
      54                    0                   0                   0                   0                   0                 428                 983                 980                 980               12209
      55                    0                   0                   0                   0                   0                6062                 989                 986                 986               12210
      56                    0                   0                   0                   0                   0                6071                 992                 989                 989               12221
      57                    0                   0                   0                   0                   0                6078                 994                 991                 991               12217
      58                    0                   0                   0                   0                   0                6086                1006                1003                1003               12225
      59                    0                   0                   0                   0                   0                6082                1008                1005                1005               12234
      60                    0                   0                   0                   0                   0                6087                1010                1007                1007               12255
      61                    0                   0                   0                   0                   0                6098                1011                1008                1008               12256
      62                    0                   0                   0                   0                   0                6095                1013                1010                1010               12257
      63                    0                   0                   0                   0                   0                6103                1026                1023                1023               12269
      64                    0                   0                   0                   0                   0                6104                1028                1025                1025               12277
      65                    0                   0                   0                   0                   0               11838                1036                1033                1033               12280
      66                    0                   0                   0                   0                   0               11853                1037                1034                1034               12285
      67                    0                   0                   0                   0                   0               11856                1039                1036                1036               12287
      68                    0                   0                   0                   0                   0               11862                1040                1037                1037               12289
      69                    0                   0                   0                   0                   0               11867                1041                1038                1038               12295
      70                    0                   0                   0                   0                   0               11877                1043                1040                1040               12297
      71                    0                   0                   0                   0                   0               11919                1048                1045                1045               12302
      72                    0                   0                   0                   0                   0               11930                1053                1050                1050               12303
      73                    0                   0                   0                   0                   0               11951                1055                1052                1052               12303
      74                    0                   0                   0                   0                   0               12042                1060                1057                1057               12309
      75                    0                   0                   0                   0                   0               12050                1073                1070                1070               12337
      76                    0                   0                   0                   0                   0               12083                1074                1071                1071               12346
      77                    0                   0                   0                   0                   0               12554                1076                1073                1073               12347
      78                    0                   0                   0                   0                   0               12579                1080                1077                1077               12349
      79                    0                   0                   0                   0                   0               12592                1084                1081                1081               12353
      80                    0                   0                   0                   0                   0               12615                1085                1082                1082               12354
      81                    0                   0                   0                   0                   0               12677                1086                1083                1083               12339
      82                    0                   0                   0                   0                   0               12716                1094                1091                1091               12341
      83                    0                   0                   0                   0                   0               12743                1090                1087                1087               12342
      84                    0                   0                   0                   0                   0               12781                1095                1092                1092               12354
      85                    0                   0                   0                   0                   0               12820                1097                1094                1094               12356
      86                    0                   0                   0                   0                   0               12870                1098                1095                1095               12158
      87                    0                   0                   0                   0                   0               12943                1101                1098                1098               11899
      88                    0                   0                   0                   0                   0               12984                1103                1100                1100               12057
      89                    0                   0                   0                   0                   0               13050                1108                1105                1105               11927
      90                    0                   0                   0                   0                   0               13106                1107                1104                1104               12191
      91                    0                   0                   0                   0                   0               13169                1111                1108                1108               12151
      92                    0                   0                   0                   0                   0               13395                1112                1109                1109               12195
      93                    0                   0                   0                   0                   0               13457                1114                1111                1111               12155
      94                    0                   0                   0                   0                   0               13461                1117                1114                1114               12156
      95                    0                   0                   0                   0                   0               13526                1123                1120                1120               12153
      96                    0                   0                   0                   0                   0               13526                1125                1122                1122               12195
      97                    0                   0                   0                   0                   0               13548                1129                1126                1126               12039
      98                    0                   0                   0                   0                   0               13757                1134                1131                1131               12145
      99                    0                   0                   0                   0                   0               13804                1136                1133                1133               12146
     100                    0                   0                   0                   0                   0               13805                1138                1135                1135               12072
     101                    0                   0                   0                   0                   0               13807                1139                1136                1136               12040
     102                    0                   0                   0                   0                   0               13809                1141                1138                1138               12191
     103                    0                   0                   0                   0                   0               13918                1145                1142                1142               12192
     104                    0                   0                   0                   0                   0               13920                1147                1144                1144               12193
     105                    0                   0                   0                   0                   0               13923                1148                1145                1145               12153
     106                    0                   0                   0                   0                   0               13928                1172                1169                1169               12155
     107                    0                   0                   0                   0                   0               13864                1190                1187                1187               12049
     108                    0                   0                   0                   0                   0               13928                1191                1188                1188               12139
     109                    0                   0                   0                   0                   0               13889                1200                1197                1197               12157
     110                    0                   0                   0                   0                   0               13934                1201                1198                1198               11995
     111                    0                   0                   0                   0                   0               13899                1208                1205                1205               12040
     112                    0                   0                   0                   0                   0               13937                1209                1206                1206               12157
     113                    0                   0                   0                   0                   0               13940                1210                1207                1207               12191
     114                    0                   0                   0                   0                   0               13939                1211                1208                1208               12193
     115                    0                   0                   0                   0                   0               13941                1215                1212                1212               12194
     116                    0                   0                   0                   0                   0               13694                1427                1214                1214               12010
     117                    0                   0                   0                   0                   0               13666                1452                1218                1218               12011
     118                    0                   0                   0                   0                   0               13696                1453                1249                1243               11734
     119                    0                   0                   0                   0                   0               13674                1467                1407                1365               11735
     120                    0                   0                   0                   0                   0               13699                1502                1425                1383               11736
     121                    0                   0                   0                   0                   0               13675                1517                1429                1400               11737
     122                    0                   0                   0                   0                   0               13699                1587                1484                1441               11738
     123                    0                   0                   0                   0                   0               11836                1627                1502                1466               11743
     124                    0                   0                   0                   0                   0               11851                1711                1573                1521               11742
     125                    0                   0                   0                   0                   0               11858                1740                1595                1539               11744
     126                    0                   0                   0                   0                   0               11870                1826                1679                1584               11747
     127                    0                   0                   0                   0                   0               11873                1830                1683                1587               11748
     128                    0                   0                   0                   0                   0               11877                1832                1685                1589               11749
     129                    0                   0                   0                   0                   0               11881                1834                1687                1591               11753
     130                    0                   0                   0                   0                   0               11882                1836                1689                1593               11753
     131                    0                   0                   0                   0                   0               11878                1841                1694                1598               11756
     132                    0                   0                   0                   0                   0               11884                1840                1693                1597               11764
     133                    0                   0                   0                   0                   0               11884                1843                1696                1600               11771
     134                    0                   0                   0                   0                   0               11885                1847                1700                1604               11780
     135                    0                   0                   0                   0                   0               11885                1851                1704                1608               11781
     136                    0                   0                   0                   0                   0               11885                1852                1705                1609               11780
     137                    0                   0                   0                   0                   0               11885                1854                1707                1611                   0
     138                    0                   0                   0                   0                   0               11885                1858                1711                1615                   0
     139                    0                   0                   0                   0                   0               11887                1862                1715                1619                   0
     140                    0                   0                   0                   0                   0               11888                1863                1716                1620                   0
     141                    0                   0                   0                   0                   0               11893                1864                1717                1621                   0
     142                    0                   0                   0                   0                   0               11899                1872                1725                1629                   0
     143                    0                   0                   0                   0                   0               11897                1868                1721                1625                   0
     144                    0                   0                   0                   0                   0               11898                1873                1726                1630                   0
     145                    0                   0                   0                   0                   0               11893                1922                1775                1679                   0
     146                    0                   0                   0                   0                   0               11893                1919                1772                1676                   0
     147                    0                   0                   0                   0                   0                8804                1922                1775                1679                   0
     148                    0                   0                   0                   0                   0               11886                1945                1798                1702                   0
     149                    0                   0                   0                   0                   0                8801                1944                1797                1701                   0
     150                    0                   0                   0                   0                   0               11874                1949                1802                1706                   0
     151                    0                   0                   0                   0                   0                8793                1953                1806                1710                   0
     152                    0                   0                   0                   0                   0               11859                1955                1808                1712                   0
     153                    0                   0                   0                   0                   0                8784                1956                1809                1713                   0
     154                    0                   0                   0                   0                   0               11849                1959                1812                1716                   0
     155                    0                   0                   0                   0                   0                8775                1917                1770                1674                   0
     156                    0                   0                   0                   0                   0               11842                1962                1815                1719                   0
     157                    0                   0                   0                   0                   0               11841                1963                1816                1720                   0
     158                    0                   0                   0                   0                   0                8296                1965                1818                1722                   0
     159                    0                   0                   0                   0                   0                7408                1974                1827                1731                   0
     160                    0                   0                   0                   0                   0                8294                1975                1828                1732                   0
     161                    0                   0                   0                   0                   0                8775                1982                1835                1739                   0
     162                    0                   0                   0                   0                   0                7408                1983                1836                1740                   0
     163                    0                   0                   0                   0                   0                   0                1984                1837                1741                   0
     164                    0                   0                   0                   0                   0                   0                1985                1838                1742                   0
     165                    0                   0                   0                   0                   0                   0                1989                1842                1746                   0
     166                    0                   0                   0                   0                   0                   0                1994                1847                1751                   0
     167                    0                   0                   0                   0                   0                   0               10146                1957                1822                   0
     168                    0                   0                   0                   0                   0                   0               10148                1958                1823                   0
     169                    0                   0                   0                   0                   0                   0               10149                1968                1836                   0
     170                    0                   0                   0                   0                   0                   0               10153                2048                1870                   0
     171                    0                   0                   0                   0                   0                   0               10165                2051                1873                   0
     172                    0                   0                   0                   0                   0                   0               10191                2053                1875                   0
     173                    0                   0                   0                   0                   0                   0               10348                2099                1903                   0
     174                    0                   0                   0                   0                   0                   0               10517                3028                2384                   0
     175                    0                   0                   0                   0                   0                   0               10642                6335                4016                   0
     176                    0                   0                   0                   0                   0                   0               10858                6333                4048                   0
     177                    0                   0                   0                   0                   0                   0               10861                6333                4052                   0
     178                    0                   0                   0                   0                   0                   0               10863                6328                4057                   0
     179                    0                   0                   0                   0                   0                   0               10909                7123                4463                   0
     180                    0                   0                   0                   0                   0                   0               10943                7116                4652                   0
     181                    0                   0                   0                   0                   0                   0               10987                7188                4714                   0
     182                    0                   0                   0                   0                   0                   0               10990                7172                4706                   0
     183                    0                   0                   0                   0                   0                   0               10947                7223                4762                   0
     184                    0                   0                   0                   0                   0                   0               10953                7217                4999                   0
     185                    0                   0                   0                   0                   0                   0               10958                7201                5001                   0
     186                    0                   0                   0                   0                   0                   0               10966                7203                5003                   0
     187                    0                   0                   0                   0                   0                   0               10976                7205                5005                   0
     188                    0                   0                   0                   0                   0                   0               10984                8375                5673                   0
     189                    0                   0                   0                   0                   0                   0               10985                8377                5675                   0
     190                    0                   0                   0                   0                   0                   0               10718                8381                5679                   0
     191                    0                   0                   0                   0                   0                   0               10719                8382                5680                   0
     192                    0                   0                   0                   0                   0                   0                7218                7216                5016                   0
     193                    0                   0                   0                   0                   0                   0                7288                7258                5058                   0
     194                    0                   0                   0                   0                   0                   0                7427                8381                5679                   0
     195                    0                   0                   0                   0                   0                   0                7524                8383                5681                   0
     196                    0                   0                   0                   0                   0                   0                7656                8383                5681                   0
     197                    0                   0                   0                   0                   0                   0                7729                8416                5714                   0
     198                    0                   0                   0                   0                   0                   0                7962                8470                5750                   0
     199                    0                   0                   0                   0                   0                   0                8089                8475                5755                   0
     200                    0                   0                   0                   0                   0                   0                8292                8546                5826                   0
     201                    0                   0                   0                   0                   0                   0                8461                8614                5886                   0
     202                    0                   0                   0                   0                   0                   0                8662                8771                6002                   0
     203                    0                   0                   0                   0                   0                   0                8825                8832                6060                   0
     204                    0                   0                   0                   0                   0                   0                8963                9080                6247                   0
     205                    0                   0                   0                   0                   0                   0                9229                9082                6249                   0
     206                    0                   0                   0                   0                   0                   0                9362                9084                6251                   0
     207                    0                   0                   0                   0                   0                   0                9614                9093                6260                   0
     208                    0                   0                   0                   0                   0                   0                9736                9094                6261                   0
     209                    0                   0                   0                   0                   0                   0                9900                9101                6268                   0
     210                    0                   0                   0                   0                   0                   0                9980                9102                6269                   0
     211                    0                   0                   0                   0                   0                   0               10043                9103                6270                   0
     212                    0                   0                   0                   0                   0                   0               10059                9104                6271                   0
     213                    0                   0                   0                   0                   0                   0               10091                9108                6275                   0
     214                    0                   0                   0                   0                   0                   0               10098                9110                6277                   0
     215                    0                   0                   0                   0                   0                   0               10114                9547                6387                   0
     216                    0                   0                   0                   0                   0                   0               10129                9550                6390                   0
     217                    0                   0                   0                   0                   0                   0               10139                9558                6401                   0
     218                    0                   0                   0                   0                   0                   0                   0                9571                6434                   0
     219                    0                   0                   0                   0                   0                   0                   0                9574                6440                   0
     220                    0                   0                   0                   0                   0                   0                   0                9575                6442                   0
     221                    0                   0                   0                   0                   0                   0                   0                9611                6444                   0
     222                    0                   0                   0                   0                   0                   0                   0                9655                6464                   0
     223                    0                   0                   0                   0                   0                   0                   0               10434                7075                   0
     224                    0                   0                   0                   0                   0                   0                   0               10434                7074                   0
     225                    0                   0                   0                   0                   0                   0                   0               10447                7095                   0
     226                    0                   0                   0                   0                   0                   0                   0               10456                9369                   0
     227                    0                   0                   0                   0                   0                   0                   0               10503                9385                   0
     228                    0                   0                   0                   0                   0                   0                   0               10556                9393                   0
     229                    0                   0                   0                   0                   0                   0                   0               10608                9440                   0
     230                    0                   0                   0                   0                   0                   0                   0               10683                9456                   0
     231                    0                   0                   0                   0                   0                   0                   0               10734                9501                   0
     232                    0                   0                   0                   0                   0                   0                   0               10878                9579                   0
     233                    0                   0                   0                   0                   0                   0                   0               10920                9657                   0
     234                    0                   0                   0                   0                   0                   0                   0               11052                9786                   0
     235                    0                   0                   0                   0                   0                   0                   0               11083                9912                   0
     236                    0                   0                   0                   0                   0                   0                   0               11232               10120                   0
     237                    0                   0                   0                   0                   0                   0                   0               11267               10257                   0
     238                    0                   0                   0                   0                   0                   0                   0               11270               10500                   0
     239                    0                   0                   0                   0                   0                   0                   0               11273               10624                   0
     240                    0                   0                   0                   0                   0                   0                   0               11267               11022                   0
     241                    0                   0                   0                   0                   0                   0                   0               11239               11023                   0
     242                    0                   0                   0                   0                   0                   0                   0               11242               11024                   0
     243                    0                   0                   0                   0                   0                   0                   0               11249               11025                   0
     244                    0                   0                   0                   0                   0                   0                   0               11246               11027                   0
     245                    0                   0                   0                   0                   0                   0                   0               11251               11029                   0
     246                    0                   0                   0                   0                   0                   0                   0               11255               11032                   0
     247                    0                   0                   0                   0                   0                   0                   0               11256               11034                   0
     248                    0                   0                   0                   0                   0                   0                   0                   0               11036                   0
     249                    0                   0                   0                   0                   0                   0                   0                   0               11017                   0
     250                    0                   0                   0                   0                   0                   0                   0                   0               11021                   0
     251                    0                   0                   0                   0                   0                   0                   0                   0               11022                   0
     252                    0                   0                   0                   0                   0                   0                   0                   0                9692                   0
     253                    0                   0                   0                   0                   0                   0                   0                   0                9697                   0
     254                    0                   0                   0                   0                   0                   0                   0                   0                9363                   0
     255                    0                   0                   0                   0                   0                   0                   0                   0                9368                   0
