   Depth                      BFSolver                          A(i)                          A(c)                     A(+{c,i})                   A(+{c,i,4})              A(+{*{i,i},c,4})              A(+{*{s,s},c,4})          A(+{*{B,B,s,s},c,4})          A(+{*{B,B,a,a},c,4})                       A(rand)
       1                                                            1                             1                             1                             1                             1                             1                             1                             1                             1
       2                              3                             5                             5                             5                             5                             5                             5                             5                             5                          6613
       3                              6                            11                             8                            11                            11                            53                            53                            41                            25                          6614
       4                              8                            14                             9                            14                            14                            54                            54                            42                            24                          6615
       5                             11                            16                            13                            16                            16                            55                            55                            43                            13                          6616
       6                             17                            27                            27                            27                            27                            26                            26                            20                            27                          6660
       7                             28                            49                            48                            48                            48                            78                            78                            57                            29                          6618
       8                             44                            88                            70                            80                            80                            97                            97                            56                            33                         10275
       9                             69                           160                           101                           119                           117                            98                            98                            56                            35                         10276
      10                            104                           297                           146                           183                           175                            52                            52                            40                            37                         10296
      11                            159                           437                           196                           280                           256                            62                            62                            50                            45                         10321
      12                            230                           556                           262                           329                           293                            63                            63                            51                            48                         10324
      13                            334                           573                           314                           334                           298                            66                            66                            54                            51                         10327
      14                            470                           566                           405                           322                           286                            67                            67                            55                            52                         12219
      15                            680                           588                           476                           339                           303                            68                            68                            56                            53                         13242
      16                            943                           591                           611                           342                           306                            98                            98                            56                            54                         10386
      17                           1260                                                         724                                                                                        99                            99                            57                            55                         12218
      18                                                                                                                                                                                  100                           100                            58                            56                         13336
      19                                                                                                                                                                                                                                                                                                        13338
      20                                                                                                                                                                                                                                                                                                        13339
      21                                                                                                                                                                                                                                                                                                        13340
      22                                                                                                                                                                                                                                                                                                        13338
      23                                                                                                                                                                                                                                                                                                        12322
      24                                                                                                                                                                                                                                                                                                        12328
      25                                                                                                                                                                                                                                                                                                        12902
      26                                                                                                                                                                                                                                                                                                        13191
      27                                                                                                                                                                                                                                                                                                        12864
      28                                                                                                                                                                                                                                                                                                        13169
      29                                                                                                                                                                                                                                                                                                        13627
      30                                                                                                                                                                                                                                                                                                        13628
      31                                                                                                                                                                                                                                                                                                        13380
      32                                                                                                                                                                                                                                                                                                        13381
      33                                                                                                                                                                                                                                                                                                        13387
      34                                                                                                                                                                                                                                                                                                        13436
      35                                                                                                                                                                                                                                                                                                        13388
      36                                                                                                                                                                                                                                                                                                        13389
      37                                                                                                                                                                                                                                                                                                        13432
      38                                                                                                                                                                                                                                                                                                        13436
      39                                                                                                                                                                                                                                                                                                        13431
      40                                                                                                                                                                                                                                                                                                        13411
      41                                                                                                                                                                                                                                                                                                        13413
      42                                                                                                                                                                                                                                                                                                        13513
      43                                                                                                                                                                                                                                                                                                        13627
      44                                                                                                                                                                                                                                                                                                        13631
      45                                                                                                                                                                                                                                                                                                        13636
      46                                                                                                                                                                                                                                                                                                        13634
      47                                                                                                                                                                                                                                                                                                        13635
      48                                                                                                                                                                                                                                                                                                        13637
      49                                                                                                                                                                                                                                                                                                        13639
      50                                                                                                                                                                                                                                                                                                        13532
      51                                                                                                                                                                                                                                                                                                        13533
      52                                                                                                                                                                                                                                                                                                        13534
      53                                                                                                                                                                                                                                                                                                        13537
      54                                                                                                                                                                                                                                                                                                        13590
      55                                                                                                                                                                                                                                                                                                        13599
      56                                                                                                                                                                                                                                                                                                        13592
      57                                                                                                                                                                                                                                                                                                        13593
      58                                                                                                                                                                                                                                                                                                        13614
      59                                                                                                                                                                                                                                                                                                        13627
      60                                                                                                                                                                                                                                                                                                        13624
      61                                                                                                                                                                                                                                                                                                        13625
      62                                                                                                                                                                                                                                                                                                        13626
      63                                                                                                                                                                                                                                                                                                        13624
      64                                                                                                                                                                                                                                                                                                        13625
      65                                                                                                                                                                                                                                                                                                        13610
      66                                                                                                                                                                                                                                                                                                        13611
      67                                                                                                                                                                                                                                                                                                        13612
      68                                                                                                                                                                                                                                                                                                        13575
      69                                                                                                                                                                                                                                                                                                        13576
      70                                                                                                                                                                                                                                                                                                        13314
      71                                                                                                                                                                                                                                                                                                        13315
      72                                                                                                                                                                                                                                                                                                        13317
      73                                                                                                                                                                                                                                                                                                        13321
      74                                                                                                                                                                                                                                                                                                        13327
      75                                                                                                                                                                                                                                                                                                        13327
      76                                                                                                                                                                                                                                                                                                        13328
      77                                                                                                                                                                                                                                                                                                        13329
      78                                                                                                                                                                                                                                                                                                        13330
      79                                                                                                                                                                                                                                                                                                        12587
      80                                                                                                                                                                                                                                                                                                        13328
      81                                                                                                                                                                                                                                                                                                        11001
      82                                                                                                                                                                                                                                                                                                        11014
      83                                                                                                                                                                                                                                                                                                        11014
      84                                                                                                                                                                                                                                                                                                        11015
      85                                                                                                                                                                                                                                                                                                        12587
      86                                                                                                                                                                                                                                                                                                        12482
      87                                                                                                                                                                                                                                                                                                        12483
      88                                                                                                                                                                                                                                                                                                        10251
      89                                                                                                                                                                                                                                                                                                        10237
      90                                                                                                                                                                                                                                                                                                        10188
      91                                                                                                                                                                                                                                                                                                        10182
      92                                                                                                                                                                                                                                                                                                        10183
      93                                                                                                                                                                                                                                                                                                        10296
      94                                                                                                                                                                                                                                                                                                        10185
      95                                                                                                                                                                                                                                                                                                        10186
      96                                                                                                                                                                                                                                                                                                        10180
      97                                                                                                                                                                                                                                                                                                        10314
      98                                                                                                                                                                                                                                                                                                        10182
      99                                                                                                                                                                                                                                                                                                        10315
     100                                                                                                                                                                                                                                                                                                        10198
     101                                                                                                                                                                                                                                                                                                        10202
     102                                                                                                                                                                                                                                                                                                        10185
     103                                                                                                                                                                                                                                                                                                        10196
     104                                                                                                                                                                                                                                                                                                        10276
     105                                                                                                                                                                                                                                                                                                        10183
     106                                                                                                                                                                                                                                                                                                        10180
     107                                                                                                                                                                                                                                                                                                        10124
     108                                                                                                                                                                                                                                                                                                        10142
     109                                                                                                                                                                                                                                                                                                        10143
     110                                                                                                                                                                                                                                                                                                        10184
     111                                                                                                                                                                                                                                                                                                        10180
     112                                                                                                                                                                                                                                                                                                        10238
     113                                                                                                                                                                                                                                                                                                        10265
     114                                                                                                                                                                                                                                                                                                        10161
     115                                                                                                                                                                                                                                                                                                        10162
     116                                                                                                                                                                                                                                                                                                        10163
     117                                                                                                                                                                                                                                                                                                        10165
     118                                                                                                                                                                                                                                                                                                        10165
     119                                                                                                                                                                                                                                                                                                        10308
     120                                                                                                                                                                                                                                                                                                        10309
     121                                                                                                                                                                                                                                                                                                        10311
