   Depth            BFSolver                A(i)                A(c)           A(+{c,i})         A(+{c,i,4})    A(+{*{i,i},c,4})    A(+{*{s,s},c,4})A(+{*{B,B,s,s},c,4})A(+{*{B,B,a,a},c,4})             A(rand)
       1                    0                   1                   1                   1                   1                   1                   1                   1                   1                   1
       2                    2                   2                   2                   2                   2                   2                   2                   2                   2                   2
       3                    4                   5                   5                   5                   5                  14                  14                  14                  14                  43
       4                    6                   8                   8                   8                   8                  15                  15                  15                  15                  44
       5                   10                  14                  12                  12                  12                  17                  17                  17                  17                  50
       6                   18                  33                  24                  24                  24                  26                  26                  26                  26                 418
       7                   33                  69                  35                  38                  34                  31                  31                  31                  31                 429
       8                   57                 175                  45                  67                  52                  36                  36                  36                  36                 607
       9                   95                 520                  63                  79                  58                1161                1147                1147                1147                 424
      10                  164                1057                  78                 198                 152                1161                1147                1147                1147                 797
      11                  265                3004                 109                 310                 236                1164                1150                1150                1150                 911
      12                  436                6288                 147                 557                 436                1167                1153                1153                1153                 944
      13                  666                8696                 217                 850                 646                1170                1156                1156                1156                 947
      14                 1075                8563                 308                1396                1001                1174                1160                1160                1160                 952
      15                 1629                9613                 457                1726                1288                1176                1162                1162                1162                 960
      16                 2588                9601                 646                3585                2487                1180                1166                1166                1166                1200
      17                 3903                9604                 921                6469                4274                1183                1169                1169                1169                1217
      18                 6161                9608                1283                9850                9964                1185                1171                1171                1171                1223
      19                 9246                9567                1806               10836                9964                1188                1181                1181                1181                8712
      20                14739                9626                2536               10879               10915                1190                1192                1192                1192                1264
      21                22427                9543                3598               10832               10873                1194                1194                1194                1194                1273
      22                36518                9487                5152               11023               10925                1199                1196                1196                1196                2026
      23                37173                9611                7542               10846               10926                1201                1197                1197                1197                2109
      24                    0                9624               10979               11025               10927                1203                1198                1198                1198                8727
      25                    0                9618               11711               10811               10798                1205                1201                1201                1201                8732
      26                    0                9458                   0               11062               10912                1208                1205                1205                1205               10012
      27                    0                9253                   0               10863               10916                1210                1214                1214                1214               10014
      28                    0                8664                   0               10940               10916                1214                1215                1215                1215               10015
      29                    0                8119                   0               11059               10824                1255                1217                1217                1217               10145
      30                    0                   0                   0               10945               10932                1288                1219                1219                1219               10146
      31                    0                   0                   0               11066               10870                1289                1226                1226                1226               10329
      32                    0                   0                   0               10902               10882                1291                1231                1231                1231               10343
      33                    0                   0                   0                9168                9472                1293                1236                1236                1236               10702
      34                    0                   0                   0                9330                9582                1294                1273                1273                1273               10710
      35                    0                   0                   0                   0                   0                1300                1249                1249                1249               10725
      36                    0                   0                   0                   0                   0                1306                1273                1273                1273               10727
      37                    0                   0                   0                   0                   0                1308                1274                1274                1274               10764
      38                    0                   0                   0                   0                   0                1311                1286                1286                1286               10747
      39                    0                   0                   0                   0                   0                1314                1288                1288                1288               10756
      40                    0                   0                   0                   0                   0                1317                1333                1332                1332               10757
      41                    0                   0                   0                   0                   0                1322                1341                1340                1340               10759
      42                    0                   0                   0                   0                   0                1324                1355                1354                1354               10762
      43                    0                   0                   0                   0                   0                1326                1356                1355                1355               10764
      44                    0                   0                   0                   0                   0                1333                1359                1358                1358               10614
      45                    0                   0                   0                   0                   0                1342                1375                1374                1374               10615
      46                    0                   0                   0                   0                   0                1358                1367                1366                1366               10616
      47                    0                   0                   0                   0                   0                1378                1381                1380                1380               10618
      48                    0                   0                   0                   0                   0                1403                1383                1382                1382               10753
      49                    0                   0                   0                   0                   0                1412                1385                1384                1384               10754
      50                    0                   0                   0                   0                   0                1440                1389                1388                1388               10740
      51                    0                   0                   0                   0                   0                1476                1393                1392                1392               10741
      52                    0                   0                   0                   0                   0                1505                1397                1396                1396               10743
      53                    0                   0                   0                   0                   0                1562                1403                1402                1402               10764
      54                    0                   0                   0                   0                   0                1625                1417                1416                1416               10767
      55                    0                   0                   0                   0                   0                1666                1421                1420                1420               10771
      56                    0                   0                   0                   0                   0                1710                1410                1409                1409               10776
      57                    0                   0                   0                   0                   0                1774                1414                1413                1413               10779
      58                    0                   0                   0                   0                   0                1859                1429                1428                1428               10782
      59                    0                   0                   0                   0                   0                1910                1431                1430                1430               10784
      60                    0                   0                   0                   0                   0                2195                1439                1438                1438               10677
      61                    0                   0                   0                   0                   0                2236                1440                1439                1439               10505
      62                    0                   0                   0                   0                   0                2292                1445                1444                1444               10516
      63                    0                   0                   0                   0                   0                2321                1454                1453                1453               10513
      64                    0                   0                   0                   0                   0                2339                1456                1455                1455               10517
      65                    0                   0                   0                   0                   0                2340                1464                1463                1463                9889
      66                    0                   0                   0                   0                   0                2344                1470                1469                1469                9892
      67                    0                   0                   0                   0                   0                2347                1472                1471                1471                9893
      68                    0                   0                   0                   0                   0                2350                1473                1472                1472                9946
      69                    0                   0                   0                   0                   0                2367                1481                1480                1480                9664
      70                    0                   0                   0                   0                   0                2370                1482                1481                1481                9670
      71                    0                   0                   0                   0                   0                2378                1485                1484                1484               10007
      72                    0                   0                   0                   0                   0                2402                1495                1494                1494                9896
      73                    0                   0                   0                   0                   0                2403                1490                1489                1489                9045
      74                    0                   0                   0                   0                   0                2403                1497                1496                1496               10007
      75                    0                   0                   0                   0                   0                2404                1506                1505                1505               10008
      76                    0                   0                   0                   0                   0                2421                1509                1508                1508               10011
      77                    0                   0                   0                   0                   0                2439                1517                1516                1516                9506
      78                    0                   0                   0                   0                   0                2441                1519                1518                1518                9410
      79                    0                   0                   0                   0                   0                3649                1521                1520                1520                9371
      80                    0                   0                   0                   0                   0                3652                1528                1527                1527                9409
      81                    0                   0                   0                   0                   0                8930                1542                1541                1541                9418
      82                    0                   0                   0                   0                   0                8991                1537                1536                1536               10006
      83                    0                   0                   0                   0                   0                9147                1546                1545                1545                9464
      84                    0                   0                   0                   0                   0                9150                1554                1553                1553                9466
      85                    0                   0                   0                   0                   0                9182                1549                1548                1548                9467
      86                    0                   0                   0                   0                   0                9523                1553                1552                1552                9469
      87                    0                   0                   0                   0                   0                9563                1558                1557                1557                9453
      88                    0                   0                   0                   0                   0                9593                1561                1560                1560                9496
      89                    0                   0                   0                   0                   0                9659                1563                1562                1562                9471
      90                    0                   0                   0                   0                   0                9717                1564                1563                1563                9475
      91                    0                   0                   0                   0                   0                9784                1568                1567                1567                9477
      92                    0                   0                   0                   0                   0                9860                1569                1568                1568                9487
      93                    0                   0                   0                   0                   0                9985                1572                1571                1571                9493
      94                    0                   0                   0                   0                   0               11368                1576                1575                1575                9492
      95                    0                   0                   0                   0                   0               11668                1578                1577                1577                9454
      96                    0                   0                   0                   0                   0               11825                1582                1581                1581                9412
      97                    0                   0                   0                   0                   0               11917                1592                1591                1591                9413
      98                    0                   0                   0                   0                   0               12013                1607                1606                1606                9414
      99                    0                   0                   0                   0                   0               12247                1615                1614                1614                9272
     100                    0                   0                   0                   0                   0               12363                1620                1619                1619                9274
     101                    0                   0                   0                   0                   0               12611                1621                1620                1620                9275
     102                    0                   0                   0                   0                   0               13040                1622                1621                1621                9337
     103                    0                   0                   0                   0                   0               13153                1624                1623                1623                9338
     104                    0                   0                   0                   0                   0               13348                1634                1633                1633                9342
     105                    0                   0                   0                   0                   0               13385                1637                1636                1636                9341
     106                    0                   0                   0                   0                   0               13379                7677                7674                7674                9343
     107                    0                   0                   0                   0                   0               13374                7679                7676                7676                8422
     108                    0                   0                   0                   0                   0               13331                7686                7683                7683                8427
     109                    0                   0                   0                   0                   0               13333                7693                7690                7690                8435
     110                    0                   0                   0                   0                   0               13336                7695                7692                7692                8429
     111                    0                   0                   0                   0                   0               12842                7705                7702                7702                8442
     112                    0                   0                   0                   0                   0               12852                7718                7715                7715                8450
     113                    0                   0                   0                   0                   0               12867                7730                7727                7727                8448
     114                    0                   0                   0                   0                   0               12879                8495                8492                8492                8451
     115                    0                   0                   0                   0                   0               12888                8497                8494                8494                8450
     116                    0                   0                   0                   0                   0               12896                8504                8501                8501                   0
     117                    0                   0                   0                   0                   0               12909                8526                8523                8523                   0
     118                    0                   0                   0                   0                   0               12924                8528                8525                8525                   0
     119                    0                   0                   0                   0                   0               12935                8527                8524                8524                   0
     120                    0                   0                   0                   0                   0               12940                8523                8520                8520                   0
     121                    0                   0                   0                   0                   0               12967                8516                8513                8513                   0
     122                    0                   0                   0                   0                   0               12975                8517                8514                8514                   0
     123                    0                   0                   0                   0                   0               12981                8525                8522                8522                   0
     124                    0                   0                   0                   0                   0               12984                8529                8526                8526                   0
     125                    0                   0                   0                   0                   0               12991                8538                8535                8535                   0
     126                    0                   0                   0                   0                   0               12998                8547                8544                8544                   0
     127                    0                   0                   0                   0                   0               13014                8580                8576                8576                   0
     128                    0                   0                   0                   0                   0               13022                8594                8590                8590                   0
     129                    0                   0                   0                   0                   0               13027                8627                8623                8623                   0
     130                    0                   0                   0                   0                   0                5848                8651                8647                8647                   0
     131                    0                   0                   0                   0                   0                5373                8684                8680                8680                   0
     132                    0                   0                   0                   0                   0                5840                8693                8689                8689                   0
     133                    0                   0                   0                   0                   0                5152                8704                8700                8700                   0
     134                    0                   0                   0                   0                   0                5365                8704                8700                8700                   0
     135                    0                   0                   0                   0                   0                   0                8705                8701                8701                   0
     136                    0                   0                   0                   0                   0                   0                8409                8406                8406                   0
     137                    0                   0                   0                   0                   0                   0                8706                8702                8702                   0
     138                    0                   0                   0                   0                   0                   0                8724                8720                8720                   0
     139                    0                   0                   0                   0                   0                   0                8745                8741                8741                   0
     140                    0                   0                   0                   0                   0                   0                8766                8762                8762                   0
     141                    0                   0                   0                   0                   0                   0                8816                8811                8811                   0
     142                    0                   0                   0                   0                   0                   0                8837                8832                8832                   0
     143                    0                   0                   0                   0                   0                   0                8849                8844                8844                   0
     144                    0                   0                   0                   0                   0                   0                8855                8850                8850                   0
     145                    0                   0                   0                   0                   0                   0                8856                8851                8851                   0
     146                    0                   0                   0                   0                   0                   0                8851                8846                8846                   0
     147                    0                   0                   0                   0                   0                   0                8860                8855                8855                   0
     148                    0                   0                   0                   0                   0                   0                8854                8849                8849                   0
     149                    0                   0                   0                   0                   0                   0                8873                8868                8868                   0
     150                    0                   0                   0                   0                   0                   0                8915                8910                8910                   0
     151                    0                   0                   0                   0                   0                   0                8945                8939                8939                   0
     152                    0                   0                   0                   0                   0                   0                8979                8973                8973                   0
     153                    0                   0                   0                   0                   0                   0                9027                9021                9021                   0
     154                    0                   0                   0                   0                   0                   0                9106                9100                9100                   0
     155                    0                   0                   0                   0                   0                   0                9196                9190                9190                   0
     156                    0                   0                   0                   0                   0                   0                9304                9298                9298                   0
     157                    0                   0                   0                   0                   0                   0                9430                9422                9422                   0
     158                    0                   0                   0                   0                   0                   0               10418               10406               10406                   0
     159                    0                   0                   0                   0                   0                   0               10501               10488               10488                   0
     160                    0                   0                   0                   0                   0                   0               10530               11977               11977                   0
     161                    0                   0                   0                   0                   0                   0               10532               12056               12056                   0
     162                    0                   0                   0                   0                   0                   0               10533               12115               12115                   0
     163                    0                   0                   0                   0                   0                   0               10536               12182               12182                   0
     164                    0                   0                   0                   0                   0                   0               11409               12188               12188                   0
     165                    0                   0                   0                   0                   0                   0               11411               12189               12189                   0
     166                    0                   0                   0                   0                   0                   0               11414               12190               12190                   0
     167                    0                   0                   0                   0                   0                   0               11424               12193               12193                   0
     168                    0                   0                   0                   0                   0                   0               11430               13108               12197                   0
     169                    0                   0                   0                   0                   0                   0               11073               13110               12238                   0
     170                    0                   0                   0                   0                   0                   0               11436               13113               12738                   0
     171                    0                   0                   0                   0                   0                   0               11442               13120               12246                   0
     172                    0                   0                   0                   0                   0                   0               11443               13126               12252                   0
     173                    0                   0                   0                   0                   0                   0               11471               12747               12747                   0
     174                    0                   0                   0                   0                   0                   0               11477               13131               12756                   0
     175                    0                   0                   0                   0                   0                   0               11497               13137               12763                   0
     176                    0                   0                   0                   0                   0                   0               11509               13138               12775                   0
     177                    0                   0                   0                   0                   0                   0               11531               13136               12787                   0
     178                    0                   0                   0                   0                   0                   0               11533               13138               12813                   0
     179                    0                   0                   0                   0                   0                   0               11561               13150               12825                   0
     180                    0                   0                   0                   0                   0                   0               11584               13163               12846                   0
     181                    0                   0                   0                   0                   0                   0               11585               13174               12857                   0
     182                    0                   0                   0                   0                   0                   0               11569               12889               12889                   0
     183                    0                   0                   0                   0                   0                   0               11576               12905               12905                   0
     184                    0                   0                   0                   0                   0                   0               11584               12927               12927                   0
     185                    0                   0                   0                   0                   0                   0               11583               12942               12942                   0
     186                    0                   0                   0                   0                   0                   0               11350               12960               12960                   0
     187                    0                   0                   0                   0                   0                   0               11367               12992               12992                   0
     188                    0                   0                   0                   0                   0                   0               11374               13006               13006                   0
     189                    0                   0                   0                   0                   0                   0               11376               13038               13038                   0
     190                    0                   0                   0                   0                   0                   0               11377               13065               13065                   0
     191                    0                   0                   0                   0                   0                   0               11394               13077               13077                   0
     192                    0                   0                   0                   0                   0                   0               11395               13083               13080                   0
     193                    0                   0                   0                   0                   0                   0               11401               13087               12729                   0
     194                    0                   0                   0                   0                   0                   0               11402               13090               12730                   0
     195                    0                   0                   0                   0                   0                   0               11403               13094               12731                   0
     196                    0                   0                   0                   0                   0                   0               11404               13098               12733                   0
     197                    0                   0                   0                   0                   0                   0               11405               13099               12733                   0
     198                    0                   0                   0                   0                   0                   0                   0               13100                   0                   0
     199                    0                   0                   0                   0                   0                   0                   0               13098                   0                   0
     200                    0                   0                   0                   0                   0                   0                   0               13103                   0                   0
     201                    0                   0                   0                   0                   0                   0                   0               13104                   0                   0
