   Depth            BFSolver                A(i)                A(c)           A(+{c,i})         A(+{c,i,4})    A(+{*{i,i},c,4})    A(+{*{s,s},c,4})A(+{*{B,B,s,s},c,4})A(+{*{B,B,a,a},c,4})             A(rand)
       1                    0                   1                   1                   1                   1                   1                   1                   1                   1                   1
       2                    3                   5                   5                   5                   3                   3                   3                   3                   3                   4
       3                    6                   9                   9                   9                   4                   4                   4                   4                   4                  17
       4                    9                  12                  10                  12                   5                   5                   5                   5                   5                  24
       5                   12                  14                  14                  14                   8                   8                   8                   8                   8                  70
       6                   17                  46                  24                  44                  33                  14                  14                  11                  11                  73
       7                   28                 147                  41                  86                  62                  16                  16                  14                  14                  77
       8                   47                 302                  63                 139                  85                  19                  19                  17                  17                 131
       9                   76                 475                 100                 325                  96                  21                  21                  19                  19                 151
      10                  124                1270                 148                 722                 141                  24                  24                  22                  22                 157
      11                  195                1835                 208                 943                 254               12222                  28                  26                  30                 159
      12                  300                2326                 298                1097                 307               12550                  36                  34                  40                 165
      13                  460                5513                 431                1524                 465               12756                  44                  41                  50                 174
      14                  708                7544                 593                2347                 905               12994                  50                  47                  59                 175
      15                 1077                8278                 852                4046                1140               13051                  74                  49                  61                 170
      16                 1639                7940                1208                5051                1790               13052                  77                  69                3488                 171
      17                 2461                8453                1712                6055                2503               13054                  98                  89                3490                 175
      18                 3649                8400                2311                8327                4594               13058                7125               11138                3489                 177
      19                 5340                8600                3120                8944                6227               13097                7452               11139                7973                 179
      20                 7704                8394                4078                9130                8312               13098                7788               11138                3491                 191
      21                11017                8584                5437                9030               10101               13103                7959               11139                7972                 193
      22                15599                8589                7170                9188               10100               13161                8093               11140                7975                 197
      23                21954                8518                9417                9143               10078               13164                8523               11140               14851                 199
      24                30694                   0                   0                9195               10083               13198                8914               11150               14852                 201
      25                42689                   0                   0                9102               10106               13206                9102               11159               14852                 202
      26                58190                   0                   0                9179               10103               13262                9728               11166               14853                 204
      27                    0                   0                   0                9113               10108               13274                9920               11173               14854                 205
      28                    0                   0                   0                8938               10101               13276               10065               11175               14853                 214
      29                    0                   0                   0                   0               10076               13277               10149               11188               14854                 227
      30                    0                   0                   0                   0               10062               13278               10317               11189                7998                 243
      31                    0                   0                   0                   0               10044               13443               10446               11226                8005                 254
      32                    0                   0                   0                   0                   0               13445               10606               11227                8010                 333
      33                    0                   0                   0                   0                   0               13446               10715               11271                8020                 334
      34                    0                   0                   0                   0                   0               13453               10853               11284                8113                2154
      35                    0                   0                   0                   0                   0               13473               10976               11344               14859                 339
      36                    0                   0                   0                   0                   0               13474               11204               11370               14859                 322
      37                    0                   0                   0                   0                   0               13496               11206               11426               14866                2198
      38                    0                   0                   0                   0                   0               13503               11202               11446               14894                2215
      39                    0                   0                   0                   0                   0               13519               11129               11481               14910                2221
      40                    0                   0                   0                   0                   0               13532               11131               11489               14927                8268
      41                    0                   0                   0                   0                   0               13542               11116               11559               14953                8269
      42                    0                   0                   0                   0                   0               13554               10885               11607               14977                8270
      43                    0                   0                   0                   0                   0               13583               10887               11709               15094                8271
      44                    0                   0                   0                   0                   0               13606               10891               11788               15140                8272
      45                    0                   0                   0                   0                   0               13637               10892               11911               15204                8274
      46                    0                   0                   0                   0                   0               13650                7122               11968               15255                8279
      47                    0                   0                   0                   0                   0               13664                7451               12122               15340                8280
      48                    0                   0                   0                   0                   0               13695                7658               12230               15416                8281
      49                    0                   0                   0                   0                   0               13725                7958               12344               15537                8286
      50                    0                   0                   0                   0                   0               13743                8088               12434               15644                8289
      51                    0                   0                   0                   0                   0               13756                8392               12524               15786                8295
      52                    0                   0                   0                   0                   0               13758                8589               12666               15983               11472
      53                    0                   0                   0                   0                   0               13760                8940               12799               16090                8470
      54                    0                   0                   0                   0                   0               13763                9113               13071               16253                9588
      55                    0                   0                   0                   0                   0               12502                9733               13265               16412                9853
      56                    0                   0                   0                   0                   0               12505                9924               13621               16519               10962
      57                    0                   0                   0                   0                   0                9964               10064               13813               16630                9844
      58                    0                   0                   0                   0                   0               10107               10209               14109               16807                9104
      59                    0                   0                   0                   0                   0               10227               10336               14243               16790               11558
      60                    0                   0                   0                   0                   0               10351               10461               14435               16752               10322
      61                    0                   0                   0                   0                   0               10500               10612               14518               16755               10934
      62                    0                   0                   0                   0                   0               10602               10717               14669               16757               11560
      63                    0                   0                   0                   0                   0               10735               10851               14672               16759               11561
      64                    0                   0                   0                   0                   0               10903               11019               14675               16763               11563
      65                    0                   0                   0                   0                   0               11126               11195               14677               16766               11565
      66                    0                   0                   0                   0                   0               11291               11161               14679               16719               11375
      67                    0                   0                   0                   0                   0               11532               11162               14693               16713               11376
      68                    0                   0                   0                   0                   0               11803               11151               14697               16719               11378
      69                    0                   0                   0                   0                   0               12003               11152               14704               16753               11473
      70                    0                   0                   0                   0                   0               12219               11153               14709               16722               11389
      71                    0                   0                   0                   0                   0               12400               11008               14711               16754               11565
      72                    0                   0                   0                   0                   0               12648               11011               14714               16734               11475
      73                    0                   0                   0                   0                   0               12794               11013               14715               16741               11464
      74                    0                   0                   0                   0                   0               13016               10510               14716               16755               11467
      75                    0                   0                   0                   0                   0               12887                9448               14809               16742               11615
      76                    0                   0                   0                   0                   0               12090                9460               14811               16749               11569
      77                    0                   0                   0                   0                   0               12098                9472               14821               16751               11581
      78                    0                   0                   0                   0                   0               12099                9478               14827               16753               11611
      79                    0                   0                   0                   0                   0               12101                9488               14856               14352               11584
      80                    0                   0                   0                   0                   0               11758                9500               14868               14651               11587
      81                    0                   0                   0                   0                   0               11759                9518               14874               14658               11611
      82                    0                   0                   0                   0                   0               11760                9748               14880               14670               11603
      83                    0                   0                   0                   0                   0               11782                9929               14893               14691               11605
      84                    0                   0                   0                   0                   0               11782               10070               14900               14707               11608
      85                    0                   0                   0                   0                   0               11785               10159               14906               14720               11616
      86                    0                   0                   0                   0                   0               11786               10307               14926               14729               11621
      87                    0                   0                   0                   0                   0               11784               10442               14927               14745               11631
      88                    0                   0                   0                   0                   0               11784               10605               14932               14773               11632
      89                    0                   0                   0                   0                   0               11796               10713               14933               14785               11630
      90                    0                   0                   0                   0                   0               11796               10847               14935               14787               11558
      91                    0                   0                   0                   0                   0               11800               11018               14938               14806               11559
      92                    0                   0                   0                   0                   0               11800               11197               14943               14810               11560
      93                    0                   0                   0                   0                   0               11803                   0               14947               14812               11612
      94                    0                   0                   0                   0                   0               11804                   0               14950               14822               11614
      95                    0                   0                   0                   0                   0                   0                   0               11133               14829               11521
      96                    0                   0                   0                   0                   0                   0                   0               11134               14834               11522
      97                    0                   0                   0                   0                   0                   0                   0               11135               14833               11535
      98                    0                   0                   0                   0                   0                   0                   0               11137               14834               11544
      99                    0                   0                   0                   0                   0                   0                   0                   0               14835               11554
     100                    0                   0                   0                   0                   0                   0                   0                   0               14836               11558
     101                    0                   0                   0                   0                   0                   0                   0                   0               14603               11559
     102                    0                   0                   0                   0                   0                   0                   0                   0               14609               11612
     103                    0                   0                   0                   0                   0                   0                   0                   0               14834               11305
     104                    0                   0                   0                   0                   0                   0                   0                   0               14837               11301
     105                    0                   0                   0                   0                   0                   0                   0                   0               14857               10810
     106                    0                   0                   0                   0                   0                   0                   0                   0               14857               10810
     107                    0                   0                   0                   0                   0                   0                   0                   0               14854               10811
     108                    0                   0                   0                   0                   0                   0                   0                   0               14851               10964
     109                    0                   0                   0                   0                   0                   0                   0                   0               14854               10817
     110                    0                   0                   0                   0                   0                   0                   0                   0               14855               10815
     111                    0                   0                   0                   0                   0                   0                   0                   0                   0               10817
     112                    0                   0                   0                   0                   0                   0                   0                   0                   0               10817
     113                    0                   0                   0                   0                   0                   0                   0                   0                   0               10802
     114                    0                   0                   0                   0                   0                   0                   0                   0                   0               10815
     115                    0                   0                   0                   0                   0                   0                   0                   0                   0               10819
     116                    0                   0                   0                   0                   0                   0                   0                   0                   0               11474
     117                    0                   0                   0                   0                   0                   0                   0                   0                   0               11220
     118                    0                   0                   0                   0                   0                   0                   0                   0                   0               10759
     119                    0                   0                   0                   0                   0                   0                   0                   0                   0               10761
     120                    0                   0                   0                   0                   0                   0                   0                   0                   0               10777
     121                    0                   0                   0                   0                   0                   0                   0                   0                   0                8151
     122                    0                   0                   0                   0                   0                   0                   0                   0                   0                8153
     123                    0                   0                   0                   0                   0                   0                   0                   0                   0                7627
     124                    0                   0                   0                   0                   0                   0                   0                   0                   0                7610
     125                    0                   0                   0                   0                   0                   0                   0                   0                   0                7630
     126                    0                   0                   0                   0                   0                   0                   0                   0                   0                7768
     127                    0                   0                   0                   0                   0                   0                   0                   0                   0                7634
     128                    0                   0                   0                   0                   0                   0                   0                   0                   0                7709
     129                    0                   0                   0                   0                   0                   0                   0                   0                   0                7710
     130                    0                   0                   0                   0                   0                   0                   0                   0                   0                7711
     131                    0                   0                   0                   0                   0                   0                   0                   0                   0                7715
     132                    0                   0                   0                   0                   0                   0                   0                   0                   0                7728
     133                    0                   0                   0                   0                   0                   0                   0                   0                   0                7729
     134                    0                   0                   0                   0                   0                   0                   0                   0                   0                7724
     135                    0                   0                   0                   0                   0                   0                   0                   0                   0                7728
     136                    0                   0                   0                   0                   0                   0                   0                   0                   0                7727
     137                    0                   0                   0                   0                   0                   0                   0                   0                   0                7729
