   Depth            BFSolver                A(i)                A(c)           A(+{c,i})         A(+{c,i,4})    A(+{*{i,i},c,4})    A(+{*{s,s},c,4})A(+{*{B,B,s,s},c,4})A(+{*{B,B,a,a},c,4})             A(rand)
       1                    0                   1                   1                   1                   1                   1                   1                   1                   1                   1
       2                    2                   2                   2                   2                   2                   2                   2                   2                   2                   2
       3                    3                   3                   3                   3                   3                   3                   3                   3                   3                   3
       4                    4                   4                   4                   4                   4                   4                   4                   4                   4                   4
       5                    6                   7                   7                   7                   7                   9                   9                   9                   9                   7
       6                    8                  10                   9                  10                  10                  13                  13                  13                  13                   8
       7                   11                  13                  13                  13                  13                  14                  14                  14                  14                   9
       8                   14                  24                  16                  24                  24                  15                  15                  15                  15                  10
       9                   17                  35                  19                  35                  35                  16                  16                  16                  16                  11
      10                   20                  39                  25                  39                  39                  18                  18                  18                  18                  13
      11                   26                  54                  40                  54                  54                  21                  24                  24                  24                  55
      12                   42                 337                  74                 337                 333                  27                  40                  40                  40                  58
      13                   76                 826                 156                 817                 789                  29                  47                  47                  47                  60
      14                  155                4083                 339                3965                3630                  32                  49                  49                  49                  61
      15                  331                8581                 743                8192                7232                  36                  53                  53                  53                  63
      16                  706                8830                1666                9699                8769                  38                  55                  55                  55                  65
      17                 1557                9410                3577                9702                8999                  57                  57                  57                  57                  67
      18                 3246                9373                7753                9722                9755                  58                  59                  59                  59                  70
      19                 6827                9449                9870                9578                9888                  64                  60                  60                  60                 110
      20                13502                9435                   0                9620                9830                  73                  61                  61                  61                 111
      21                26830                9457                   0                9610                9842                  79                  64                  64                  64                 114
      22                34729                9400                   0                9680                9864                  83                  66                  66                  66                 156
      23                    0                8556                   0                9610                9874                  87                 127                 127                 127                 127
      24                    0                8429                   0                9680                8424                  96                  71                  71                  71                 130
      25                    0                8558                   0                8173                7215                 106                 128                 128                 128                 156
      26                    0                   0                   0                   0                   0                 115                  73                  73                  73                 169
      27                    0                   0                   0                   0                   0                 117                 100                 100                 100                 619
      28                    0                   0                   0                   0                   0                 121                 114                 114                 114                 355
      29                    0                   0                   0                   0                   0                 125                 129                 129                 129                 362
      30                    0                   0                   0                   0                   0                 176                 116                 116                 116                1640
      31                    0                   0                   0                   0                   0                 209                 130                 130                 130                3844
      32                    0                   0                   0                   0                   0                 232                 132                 132                 132                3964
      33                    0                   0                   0                   0                   0                 240                 133                 133                 133                7237
      34                    0                   0                   0                   0                   0                 241                 135                 135                 135                7255
      35                    0                   0                   0                   0                   0                 243                 136                 136                 136                7457
      36                    0                   0                   0                   0                   0                 287                 138                 138                 138                7460
      37                    0                   0                   0                   0                   0                 289                 139                 139                 139                7462
      38                    0                   0                   0                   0                   0                 291                 140                 140                 140                7503
      39                    0                   0                   0                   0                   0                 301                 144                 144                 144                7505
      40                    0                   0                   0                   0                   0                 308                 146                 146                 146                7507
      41                    0                   0                   0                   0                   0                 319                 149                 149                 149                7508
      42                    0                   0                   0                   0                   0                 331                 156                 156                 156                7642
      43                    0                   0                   0                   0                   0                 342                 153                 153                 153                7646
      44                    0                   0                   0                   0                   0                 358                 169                 169                 169                7648
      45                    0                   0                   0                   0                   0                 368                 170                 170                 170                7935
      46                    0                   0                   0                   0                   0                 404                 171                 171                 171                7936
      47                    0                   0                   0                   0                   0                 408                 174                 174                 174                7635
      48                    0                   0                   0                   0                   0                 414                 183                 183                 183                7818
      49                    0                   0                   0                   0                   0                 427                 186                 186                 186                7820
      50                    0                   0                   0                   0                   0                 446                 188                 188                 188                7709
      51                    0                   0                   0                   0                   0                 458                 192                 192                 192                7713
      52                    0                   0                   0                   0                   0                 469                 194                 194                 194                7727
      53                    0                   0                   0                   0                   0                 470                 196                 196                 196                7933
      54                    0                   0                   0                   0                   0                 471                 198                 198                 198                7732
      55                    0                   0                   0                   0                   0                 475                 199                 199                 199                7752
      56                    0                   0                   0                   0                   0                 478                 200                 200                 200                7954
      57                    0                   0                   0                   0                   0                 496                 203                 203                 203                7963
      58                    0                   0                   0                   0                   0                 499                 245                 245                 245                7965
      59                    0                   0                   0                   0                   0                 500                 238                 238                 238                7970
      60                    0                   0                   0                   0                   0                 500                 247                 247                 247                7977
      61                    0                   0                   0                   0                   0                 510                 239                 239                 239                7991
      62                    0                   0                   0                   0                   0                 504                 249                 249                 249                7991
      63                    0                   0                   0                   0                   0                 512                 224                 224                 224                7993
      64                    0                   0                   0                   0                   0                 525                 232                 232                 232                7995
      65                    0                   0                   0                   0                   0                 534                 240                 240                 240                8006
      66                    0                   0                   0                   0                   0                 536                 251                 251                 251                8009
      67                    0                   0                   0                   0                   0                 541                 253                 253                 253                8011
      68                    0                   0                   0                   0                   0                 550                 255                 255                 255                8012
      69                    0                   0                   0                   0                   0                 560                 256                 256                 256                8026
      70                    0                   0                   0                   0                   0                 661                 257                 257                 257                8042
      71                    0                   0                   0                   0                   0                 662                 261                 261                 261                8120
      72                    0                   0                   0                   0                   0                 696                 263                 263                 263                8107
      73                    0                   0                   0                   0                   0                 697                 266                 266                 266                8120
      74                    0                   0                   0                   0                   0                 704                 272                 272                 272                8127
      75                    0                   0                   0                   0                   0                 730                 273                 273                 273                8195
      76                    0                   0                   0                   0                   0                 740                 275                 275                 275                8606
      77                    0                   0                   0                   0                   0                 791                 276                 276                 276                8608
      78                    0                   0                   0                   0                   0                 817                 278                 278                 278                8612
      79                    0                   0                   0                   0                   0                 894                 280                 280                 280                8614
      80                    0                   0                   0                   0                   0                 949                 342                 342                 342                8656
      81                    0                   0                   0                   0                   0                1011                 344                 344                 344                8649
      82                    0                   0                   0                   0                   0                1081                 348                 348                 348                8650
      83                    0                   0                   0                   0                   0                1082                 351                 351                 351                8653
      84                    0                   0                   0                   0                   0                1083                 352                 352                 352                8654
      85                    0                   0                   0                   0                   0                1085                 354                 354                 354                8791
      86                    0                   0                   0                   0                   0                1087                 423                 423                 423                8658
      87                    0                   0                   0                   0                   0                1686                 427                 427                 427                8690
      88                    0                   0                   0                   0                   0                1182                 427                 427                 427                8697
      89                    0                   0                   0                   0                   0                1689                 428                 428                 428                8791
      90                    0                   0                   0                   0                   0                1709                 432                 432                 432                8803
      91                    0                   0                   0                   0                   0                1745                 434                 434                 434                8866
      92                    0                   0                   0                   0                   0                1745                 434                 434                 434                8869
      93                    0                   0                   0                   0                   0                1747                 434                 434                 434                8872
      94                    0                   0                   0                   0                   0                1748                 436                 436                 436                8879
      95                    0                   0                   0                   0                   0                1749                 446                 446                 446                8953
      96                    0                   0                   0                   0                   0                1750                 457                 457                 457                8953
      97                    0                   0                   0                   0                   0                1885                 470                 470                 470                8955
      98                    0                   0                   0                   0                   0                2303                 480                 480                 480                8957
      99                    0                   0                   0                   0                   0                2815                 484                 484                 484                8959
     100                    0                   0                   0                   0                   0                2309                 488                 488                 488                8965
     101                    0                   0                   0                   0                   0                2818                 492                 492                 492                8951
     102                    0                   0                   0                   0                   0                2821                 494                 494                 494                8953
     103                    0                   0                   0                   0                   0                3277                 496                 496                 496                8947
     104                    0                   0                   0                   0                   0                3279                 521                 521                 521                8949
     105                    0                   0                   0                   0                   0                3298                 499                 499                 499                8455
     106                    0                   0                   0                   0                   0                3299                 500                 500                 500                8456
     107                    0                   0                   0                   0                   0                3300                 513                 513                 513                8459
     108                    0                   0                   0                   0                   0                3304                 522                 522                 522                8462
     109                    0                   0                   0                   0                   0                3307                 516                 516                 516                8463
     110                    0                   0                   0                   0                   0                3309                 522                 522                 522                8464
     111                    0                   0                   0                   0                   0                3311                 522                 522                 522                8587
     112                    0                   0                   0                   0                   0                3393                 523                 523                 523                8589
     113                    0                   0                   0                   0                   0               11341                 531                 531                 531                8591
     114                    0                   0                   0                   0                   0               11342                 541                 541                 541                8509
     115                    0                   0                   0                   0                   0               11370                 602                 602                 602                8500
     116                    0                   0                   0                   0                   0               11382                 612                 612                 612                8510
     117                    0                   0                   0                   0                   0               11445                 617                 617                 617                8604
     118                    0                   0                   0                   0                   0               11488                 619                 619                 619                8582
     119                    0                   0                   0                   0                   0               11510                 620                 620                 620                8559
     120                    0                   0                   0                   0                   0               11510                 630                 630                 630                8568
     121                    0                   0                   0                   0                   0               11500                 645                 645                 645                8592
     122                    0                   0                   0                   0                   0               11358                 648                 648                 648                8602
     123                    0                   0                   0                   0                   0               11360                 650                 650                 650                8597
     124                    0                   0                   0                   0                   0               11363                 659                 659                 659                8600
     125                    0                   0                   0                   0                   0               11369                 662                 662                 662                8546
     126                    0                   0                   0                   0                   0               11366                 665                 665                 665                8577
     127                    0                   0                   0                   0                   0               11367                 669                 669                 669                8579
     128                    0                   0                   0                   0                   0               11368                 671                 671                 671                8581
     129                    0                   0                   0                   0                   0               11369                 678                 678                 678                8585
     130                    0                   0                   0                   0                   0                6911                 677                 677                 677                6314
     131                    0                   0                   0                   0                   0                6989                 679                 679                 679                6311
     132                    0                   0                   0                   0                   0                7946                 680                 680                 680                6313
     133                    0                   0                   0                   0                   0                7989                 719                 719                 719                   0
     134                    0                   0                   0                   0                   0                8027                 722                 722                 722                   0
     135                    0                   0                   0                   0                   0                8098                 724                 724                 724                   0
     136                    0                   0                   0                   0                   0                8171                 726                 726                 726                   0
     137                    0                   0                   0                   0                   0                8246                 726                 726                 726                   0
     138                    0                   0                   0                   0                   0                8405                 730                 730                 730                   0
     139                    0                   0                   0                   0                   0                8520                 733                 733                 733                   0
     140                    0                   0                   0                   0                   0                8632                 792                 792                 792                   0
     141                    0                   0                   0                   0                   0                8746                 793                 793                 793                   0
     142                    0                   0                   0                   0                   0                8834                 796                 796                 796                   0
     143                    0                   0                   0                   0                   0                8965                 808                 808                 808                   0
     144                    0                   0                   0                   0                   0                9051                 814                 814                 814                   0
     145                    0                   0                   0                   0                   0                9146                 840                 840                 840                   0
     146                    0                   0                   0                   0                   0                9207                 844                 844                 844                   0
     147                    0                   0                   0                   0                   0                9303                 871                 871                 871                   0
     148                    0                   0                   0                   0                   0                9394                 885                 885                 885                   0
     149                    0                   0                   0                   0                   0                9452                 921                 921                 921                   0
     150                    0                   0                   0                   0                   0               10263                 953                 953                 953                   0
     151                    0                   0                   0                   0                   0               10344                 984                 984                 984                   0
     152                    0                   0                   0                   0                   0               10376                 997                 997                 997                   0
     153                    0                   0                   0                   0                   0               10419                1012                1012                1012                   0
     154                    0                   0                   0                   0                   0               10445                1026                1026                1026                   0
     155                    0                   0                   0                   0                   0               10469                1027                1027                1027                   0
     156                    0                   0                   0                   0                   0               10484                1028                1028                1028                   0
     157                    0                   0                   0                   0                   0               10528                1030                1030                1030                   0
     158                    0                   0                   0                   0                   0               10568                1031                1031                1031                   0
     159                    0                   0                   0                   0                   0               10588                1033                1033                1033                   0
     160                    0                   0                   0                   0                   0               10607                1034                1034                1034                   0
     161                    0                   0                   0                   0                   0               10619                1035                1035                1035                   0
     162                    0                   0                   0                   0                   0               10665                1036                1036                1036                   0
     163                    0                   0                   0                   0                   0               10681                1038                1038                1038                   0
     164                    0                   0                   0                   0                   0               10693                1348                1348                1348                   0
     165                    0                   0                   0                   0                   0               10708                1350                1350                1350                   0
     166                    0                   0                   0                   0                   0               10742                1352                1352                1352                   0
     167                    0                   0                   0                   0                   0               10745                1356                1356                1356                   0
     168                    0                   0                   0                   0                   0               10783                1368                1368                1368                   0
     169                    0                   0                   0                   0                   0               10786                1376                1376                1376                   0
     170                    0                   0                   0                   0                   0               10810                1380                1380                1380                   0
     171                    0                   0                   0                   0                   0               10825                1384                1384                1384                   0
     172                    0                   0                   0                   0                   0               10891                1388                1388                1388                   0
     173                    0                   0                   0                   0                   0               10897                1392                1392                1392                   0
     174                    0                   0                   0                   0                   0               10934                1396                1396                1396                   0
     175                    0                   0                   0                   0                   0               10943                1395                1395                1395                   0
     176                    0                   0                   0                   0                   0               11007                1399                1399                1399                   0
     177                    0                   0                   0                   0                   0               11007                1567                1567                1567                   0
     178                    0                   0                   0                   0                   0               11022                1568                1568                1568                   0
     179                    0                   0                   0                   0                   0               11035                1571                1571                1571                   0
     180                    0                   0                   0                   0                   0               11076                1573                1573                1573                   0
     181                    0                   0                   0                   0                   0               11089                1583                1583                1583                   0
     182                    0                   0                   0                   0                   0               11140                1583                1583                1583                   0
     183                    0                   0                   0                   0                   0               11144                1591                1591                1591                   0
     184                    0                   0                   0                   0                   0               11160                1603                1603                1603                   0
     185                    0                   0                   0                   0                   0               11165                1651                1651                1651                   0
     186                    0                   0                   0                   0                   0               11206                1653                1653                1653                   0
     187                    0                   0                   0                   0                   0               11212                1657                1657                1657                   0
     188                    0                   0                   0                   0                   0               11250                1661                1661                1661                   0
     189                    0                   0                   0                   0                   0               11255                1859                1859                1859                   0
     190                    0                   0                   0                   0                   0               11292                1867                1867                1867                   0
     191                    0                   0                   0                   0                   0               11295                1877                1877                1877                   0
     192                    0                   0                   0                   0                   0               11306                1881                1881                1881                   0
     193                    0                   0                   0                   0                   0               11308                1898                1898                1898                   0
     194                    0                   0                   0                   0                   0               11315                1897                1897                1897                   0
     195                    0                   0                   0                   0                   0               11310                1904                1904                1904                   0
     196                    0                   0                   0                   0                   0               11326                1910                1910                1910                   0
     197                    0                   0                   0                   0                   0               11327                1925                1925                1925                   0
     198                    0                   0                   0                   0                   0               11335                1926                1926                1926                   0
     199                    0                   0                   0                   0                   0               11336                1928                1928                1928                   0
     200                    0                   0                   0                   0                   0               11338                1930                1930                1930                   0
     201                    0                   0                   0                   0                   0                   0                1931                1931                1931                   0
     202                    0                   0                   0                   0                   0                   0                1932                1932                1932                   0
     203                    0                   0                   0                   0                   0                   0                1933                1933                1933                   0
     204                    0                   0                   0                   0                   0                   0                1934                1934                1934                   0
     205                    0                   0                   0                   0                   0                   0                1936                1936                1936                   0
     206                    0                   0                   0                   0                   0                   0                1938                1938                1938                   0
     207                    0                   0                   0                   0                   0                   0                2192                2192                2192                   0
     208                    0                   0                   0                   0                   0                   0                2209                2209                2209                   0
     209                    0                   0                   0                   0                   0                   0                2212                2212                2212                   0
     210                    0                   0                   0                   0                   0                   0                2237                2237                2237                   0
     211                    0                   0                   0                   0                   0                   0                2245                2245                2245                   0
     212                    0                   0                   0                   0                   0                   0                2274                2274                2274                   0
     213                    0                   0                   0                   0                   0                   0                2281                2281                2281                   0
     214                    0                   0                   0                   0                   0                   0                2339                2339                2339                   0
     215                    0                   0                   0                   0                   0                   0                2371                2371                2371                   0
     216                    0                   0                   0                   0                   0                   0                2408                2408                2408                   0
     217                    0                   0                   0                   0                   0                   0                2446                2446                2446                   0
     218                    0                   0                   0                   0                   0                   0                2446                2446                2446                   0
     219                    0                   0                   0                   0                   0                   0                2447                2447                2447                   0
     220                    0                   0                   0                   0                   0                   0                2448                2448                2448                   0
     221                    0                   0                   0                   0                   0                   0                2449                2449                2449                   0
     222                    0                   0                   0                   0                   0                   0                2450                2450                2450                   0
     223                    0                   0                   0                   0                   0                   0                2453                2453                2453                   0
     224                    0                   0                   0                   0                   0                   0                4380                4376                4376                   0
     225                    0                   0                   0                   0                   0                   0                4382                4378                4378                   0
     226                    0                   0                   0                   0                   0                   0                4387                4383                4383                   0
     227                    0                   0                   0                   0                   0                   0                4392                4388                4388                   0
     228                    0                   0                   0                   0                   0                   0                4396                4392                4392                   0
     229                    0                   0                   0                   0                   0                   0                4415                4411                4411                   0
     230                    0                   0                   0                   0                   0                   0                4470                4466                4466                   0
     231                    0                   0                   0                   0                   0                   0                4499                4495                4495                   0
     232                    0                   0                   0                   0                   0                   0                4594                4590                4590                   0
     233                    0                   0                   0                   0                   0                   0                4653                4649                4649                   0
     234                    0                   0                   0                   0                   0                   0                4754                4750                4750                   0
     235                    0                   0                   0                   0                   0                   0                4877                4873                4873                   0
     236                    0                   0                   0                   0                   0                   0                4962                4958                4958                   0
     237                    0                   0                   0                   0                   0                   0                5101                5097                5097                   0
     238                    0                   0                   0                   0                   0                   0                5199                5195                5195                   0
     239                    0                   0                   0                   0                   0                   0                5353                5348                5348                   0
     240                    0                   0                   0                   0                   0                   0                5456                5449                5449                   0
     241                    0                   0                   0                   0                   0                   0                5553                5546                5546                   0
     242                    0                   0                   0                   0                   0                   0                5586                5579                5579                   0
     243                    0                   0                   0                   0                   0                   0                5702                5695                5695                   0
     244                    0                   0                   0                   0                   0                   0                5754                5747                5747                   0
     245                    0                   0                   0                   0                   0                   0                5867                5860                5860                   0
     246                    0                   0                   0                   0                   0                   0                5916                5909                5909                   0
     247                    0                   0                   0                   0                   0                   0                5920                5913                5913                   0
     248                    0                   0                   0                   0                   0                   0                5923                5916                5916                   0
     249                    0                   0                   0                   0                   0                   0                5926                5919                5919                   0
     250                    0                   0                   0                   0                   0                   0                7791                7781                7781                   0
     251                    0                   0                   0                   0                   0                   0                7797                7787                7787                   0
     252                    0                   0                   0                   0                   0                   0                7820                7810                7810                   0
     253                    0                   0                   0                   0                   0                   0                7831                7821                7821                   0
     254                    0                   0                   0                   0                   0                   0                7853                7843                7843                   0
     255                    0                   0                   0                   0                   0                   0                7906                7896                7896                   0
     256                    0                   0                   0                   0                   0                   0                7963                7953                7953                   0
     257                    0                   0                   0                   0                   0                   0                8040                8030                8030                   0
     258                    0                   0                   0                   0                   0                   0                8253                8243                8243                   0
     259                    0                   0                   0                   0                   0                   0                8362                8352                8352                   0
     260                    0                   0                   0                   0                   0                   0                8498                8488                8488                   0
     261                    0                   0                   0                   0                   0                   0                8691                8681                8681                   0
     262                    0                   0                   0                   0                   0                   0                8886                8875                8875                   0
     263                    0                   0                   0                   0                   0                   0                9075                9064                9042                   0
     264                    0                   0                   0                   0                   0                   0                9209                9198                9040                   0
     265                    0                   0                   0                   0                   0                   0                9460                9449                8941                   0
     266                    0                   0                   0                   0                   0                   0                9558                9673                8179                   0
     267                    0                   0                   0                   0                   0                   0                9553                9789                8186                   0
     268                    0                   0                   0                   0                   0                   0                9556                9788                8185                   0
     269                    0                   0                   0                   0                   0                   0                9242                9779                7224                   0
     270                    0                   0                   0                   0                   0                   0                9253                9604                7311                   0
     271                    0                   0                   0                   0                   0                   0                9258                9595                7371                   0
     272                    0                   0                   0                   0                   0                   0                9264                9609                7438                   0
     273                    0                   0                   0                   0                   0                   0                9272                9613                7528                   0
     274                    0                   0                   0                   0                   0                   0                9275                9628                7575                   0
     275                    0                   0                   0                   0                   0                   0                9286                9634                7632                   0
     276                    0                   0                   0                   0                   0                   0                9282                9634                7653                   0
     277                    0                   0                   0                   0                   0                   0                7717                9635                7708                   0
     278                    0                   0                   0                   0                   0                   0                7732                9637                7723                   0
     279                    0                   0                   0                   0                   0                   0                7764                9638                7755                   0
     280                    0                   0                   0                   0                   0                   0                7766                9639                7756                   0
     281                    0                   0                   0                   0                   0                   0                7779                9645                7769                   0
     282                    0                   0                   0                   0                   0                   0                7780                9644                7770                   0
     283                    0                   0                   0                   0                   0                   0                7785                7775                7775                   0
     284                    0                   0                   0                   0                   0                   0                7784                7774                7774                   0
