   Depth            BFSolver                A(i)                A(c)           A(+{c,i})         A(+{c,i,4})    A(+{*{i,i},c,4})    A(+{*{s,s},c,4})A(+{*{B,B,s,s},c,4})A(+{*{B,B,a,a},c,4})             A(rand)
       1                    0                   1                   1                   1                   1                   1                   1                   1                   1                   1
       2                    3                  22                   5                  22                  22                   3                   3                   3                   3                   7
       3                    5                  28                   9                  28                  28                   5                   5                   5                   5                   8
       4                    8                  27                  12                  27                  27                   8                   8                   8                 730                  11
       5                   10                  12                  12                  12                  12                   9                   9                   9                 731                  11
       6                   13                  24                  15                  24                  24                  12                  12                  12                 732                  12
       7                   16                  27                  19                  27                  27                  13                  13                  13                 733                  13
       8                   20                  36                  24                  36                  36                2769                2769                  15                1314                  14
       9                   25                  56                  33                  56                  56                2770                2770                  20                1315                  15
      10                   34                 104                  49                 104                 104                3592                3592                  23                1317                  17
      11                   50                 210                  82                 210                 210                5046                5046                  25                1318                  18
      12                   83                 297                 139                 297                 297                5428                5428               11827                1320                  19
      13                  132                 481                 244                 481                 479                6605                6605                  29                1321                  20
      14                  225                1156                 394                1156                1123                7323                7323               11831                1322                  21
      15                  352                2487                 704                2487                2330                8023                8023               11832                1331                  22
      16                  595                5341                1092                5341                4810                8587                8587               11837                1406                  23
      17                  885                5458                1857                5458                4914                9085                9085               11843                1420                  24
      18                 1426                8062                2761                8062                7920                9625                9625               11844                1492                  28
      19                 2035                8370                4492                8370                9079               10111               10111               11845                1509                  29
      20                 3109                8931                6200                8931                9091               11025               11025               11887                1671                  33
      21                 4237                8956                8819                9001                9092               11061               11115               11887                1709                3035
      22                 6162                8945                   0                8945                9100               11056               11117               11902                1866                3043
      23                 8118                8948                   0                8999                8965               10424               10424               11907                1906                3292
      24                11397                8851                   0                8851                8992               10427               10427               11912                2060                5785
      25                14601                8305                   0                8988                8996               10438               10438               11920                2132                5734
      26                19787                8700                   0                8700                8998               10445               10445               12272                2253                5737
      27                24721                   0                   0                   0                   0               10493               10493               12614                2349                5737
      28                32536                   0                   0                   0                   0               10498               10498               12642                2481                7662
      29                39786                   0                   0                   0                   0               10451               10451               12655                2931                6716
      30                46043                   0                   0                   0                   0               10463               10463               12710                3081                8318
      31                    0                   0                   0                   0                   0               10500               10500               12754                3369                8361
      32                    0                   0                   0                   0                   0               10474               10474               12820                3533                8924
      33                    0                   0                   0                   0                   0               10516               10516               12821                3967                8925
      34                    0                   0                   0                   0                   0               10542               10542               12824                4052                8923
      35                    0                   0                   0                   0                   0               10562               10562               12825                4336                8922
      36                    0                   0                   0                   0                   0               10569               10569               12835                4368                8914
      37                    0                   0                   0                   0                   0               10571               10571               12832                4814                8914
      38                    0                   0                   0                   0                   0               10577               10577               12841                4821                8915
      39                    0                   0                   0                   0                   0               11035               11035               12845                4853                8916
      40                    0                   0                   0                   0                   0               11082               11118               12815                4899                8918
      41                    0                   0                   0                   0                   0               11079               11079               12816                5190                8919
      42                    0                   0                   0                   0                   0               11078               11078               12816                5566                8925
      43                    0                   0                   0                   0                   0               10928               10928               12419                5609                8927
      44                    0                   0                   0                   0                   0               10937               10937               12591                5702                8942
      45                    0                   0                   0                   0                   0               10931               10931               12459                6572                9381
      46                    0                   0                   0                   0                   0               10936               10936               12466                6780                8954
      47                    0                   0                   0                   0                   0                9871                9871               12464                7032               10538
      48                    0                   0                   0                   0                   0                9871                9871               12598                7172                9514
      49                    0                   0                   0                   0                   0                6755                6755               12499                8266                8951
      50                    0                   0                   0                   0                   0                7324                7324               12506                8471                8955
      51                    0                   0                   0                   0                   0                8026                8026               12512                8757                8956
      52                    0                   0                   0                   0                   0                8588                8588               12604                8925                8991
      53                    0                   0                   0                   0                   0                9098                9098               12516                9839                9514
      54                    0                   0                   0                   0                   0                9626                9626               12521               10052               11034
      55                    0                   0                   0                   0                   0               10102               10102               12528               10196               12034
      56                    0                   0                   0                   0                   0               11033               11033               12607               10398               12036
      57                    0                   0                   0                   0                   0               11084               11181               12544               10945               12080
      58                    0                   0                   0                   0                   0               11084               11173               12556               11174               12085
      59                    0                   0                   0                   0                   0               10702               11155               12553               11327               12086
      60                    0                   0                   0                   0                   0               10707               11156               12561               11540               12194
      61                    0                   0                   0                   0                   0               10706               10706               12565               11871               12284
      62                    0                   0                   0                   0                   0               10714               10714               12568               12160               12360
      63                    0                   0                   0                   0                   0               10710               10710               12213               12309               12286
      64                    0                   0                   0                   0                   0               10715               10715               12222               12310               12329
      65                    0                   0                   0                   0                   0               10718               10718               12224               12254               12291
      66                    0                   0                   0                   0                   0               10720               10720               12227               12264               12363
      67                    0                   0                   0                   0                   0                8587                8587               12228               12282               12364
      68                    0                   0                   0                   0                   0                9098                9098               12229               12265               12384
      69                    0                   0                   0                   0                   0                9575                9575               11180               12283               12537
      70                    0                   0                   0                   0                   0               10099               10099                8161               12285               12383
      71                    0                   0                   0                   0                   0               11024               11024                8212               12288               12385
      72                    0                   0                   0                   0                   0               11102               11109                8233               12289               12405
      73                    0                   0                   0                   0                   0               11090               11108               11182               12290               12561
      74                    0                   0                   0                   0                   0               10952               11109               11188               12292               12592
      75                    0                   0                   0                   0                   0               10953               10953                8440               12296               12599
      76                    0                   0                   0                   0                   0               10959               10959               11191               12297               12606
      77                    0                   0                   0                   0                   0                6626                6626                8636               12303               12614
      78                    0                   0                   0                   0                   0                7060                7060               11194               12302               12714
      79                    0                   0                   0                   0                   0                7994                7994               11205               12306               12623
      80                    0                   0                   0                   0                   0                8404                8404               11208               12305               12624
      81                    0                   0                   0                   0                   0                9057                9057               11212               12307               12625
      82                    0                   0                   0                   0                   0                9529                9529               11210               11731               12634
      83                    0                   0                   0                   0                   0               10085               10085               11215               11735               12638
      84                    0                   0                   0                   0                   0               10967               10967               11219               11734               12776
      85                    0                   0                   0                   0                   0                   0                   0               11230               11736               12784
      86                    0                   0                   0                   0                   0                   0                   0               11232                   0               12785
      87                    0                   0                   0                   0                   0                   0                   0               11241                   0               12786
      88                    0                   0                   0                   0                   0                   0                   0               11245                   0               12790
      89                    0                   0                   0                   0                   0                   0                   0               11283                   0               12791
      90                    0                   0                   0                   0                   0                   0                   0               11299                   0               12792
      91                    0                   0                   0                   0                   0                   0                   0               11299                   0               12793
      92                    0                   0                   0                   0                   0                   0                   0               11305                   0               12794
      93                    0                   0                   0                   0                   0                   0                   0               11261                   0               12795
      94                    0                   0                   0                   0                   0                   0                   0               11310                   0               12796
      95                    0                   0                   0                   0                   0                   0                   0               11312                   0               12797
      96                    0                   0                   0                   0                   0                   0                   0               11316                   0               12803
      97                    0                   0                   0                   0                   0                   0                   0               11327                   0               12804
      98                    0                   0                   0                   0                   0                   0                   0               11327                   0               12813
      99                    0                   0                   0                   0                   0                   0                   0               11328                   0               12823
     100                    0                   0                   0                   0                   0                   0                   0               11330                   0               12824
     101                    0                   0                   0                   0                   0                   0                   0               11331                   0               12825
     102                    0                   0                   0                   0                   0                   0                   0               11332                   0               12827
     103                    0                   0                   0                   0                   0                   0                   0               11334                   0               12830
     104                    0                   0                   0                   0                   0                   0                   0               11334                   0               12832
     105                    0                   0                   0                   0                   0                   0                   0               11105                   0               12732
     106                    0                   0                   0                   0                   0                   0                   0               11332                   0               12766
     107                    0                   0                   0                   0                   0                   0                   0               11128                   0               12738
     108                    0                   0                   0                   0                   0                   0                   0               11330                   0               12754
     109                    0                   0                   0                   0                   0                   0                   0               11149                   0               12760
     110                    0                   0                   0                   0                   0                   0                   0               11331                   0               12763
     111                    0                   0                   0                   0                   0                   0                   0               11332                   0               12764
     112                    0                   0                   0                   0                   0                   0                   0               11331                   0               12765
     113                    0                   0                   0                   0                   0                   0                   0               11326                   0               12759
     114                    0                   0                   0                   0                   0                   0                   0               11173                   0               11607
     115                    0                   0                   0                   0                   0                   0                   0               11328                   0               11607
     116                    0                   0                   0                   0                   0                   0                   0               11329                   0               11974
     117                    0                   0                   0                   0                   0                   0                   0                7480                   0               11975
     118                    0                   0                   0                   0                   0                   0                   0               11327                   0               11978
     119                    0                   0                   0                   0                   0                   0                   0               11324                   0               11595
     120                    0                   0                   0                   0                   0                   0                   0               11324                   0               11726
     121                    0                   0                   0                   0                   0                   0                   0                7484                   0               11569
     122                    0                   0                   0                   0                   0                   0                   0                5349                   0               12330
     123                    0                   0                   0                   0                   0                   0                   0                   0                   0               11595
     124                    0                   0                   0                   0                   0                   0                   0                   0                   0               11572
     125                    0                   0                   0                   0                   0                   0                   0                   0                   0               11608
     126                    0                   0                   0                   0                   0                   0                   0                   0                   0               11610
     127                    0                   0                   0                   0                   0                   0                   0                   0                   0               11615
     128                    0                   0                   0                   0                   0                   0                   0                   0                   0               11727
     129                    0                   0                   0                   0                   0                   0                   0                   0                   0               11629
     130                    0                   0                   0                   0                   0                   0                   0                   0                   0               11631
     131                    0                   0                   0                   0                   0                   0                   0                   0                   0               11727
     132                    0                   0                   0                   0                   0                   0                   0                   0                   0               11658
     133                    0                   0                   0                   0                   0                   0                   0                   0                   0               11660
     134                    0                   0                   0                   0                   0                   0                   0                   0                   0               11663
     135                    0                   0                   0                   0                   0                   0                   0                   0                   0               11664
     136                    0                   0                   0                   0                   0                   0                   0                   0                   0               11727
     137                    0                   0                   0                   0                   0                   0                   0                   0                   0               11667
     138                    0                   0                   0                   0                   0                   0                   0                   0                   0               11675
     139                    0                   0                   0                   0                   0                   0                   0                   0                   0               11676
     140                    0                   0                   0                   0                   0                   0                   0                   0                   0               11681
     141                    0                   0                   0                   0                   0                   0                   0                   0                   0               11682
     142                    0                   0                   0                   0                   0                   0                   0                   0                   0               11941
     143                    0                   0                   0                   0                   0                   0                   0                   0                   0               11942
     144                    0                   0                   0                   0                   0                   0                   0                   0                   0               11946
     145                    0                   0                   0                   0                   0                   0                   0                   0                   0               12360
     146                    0                   0                   0                   0                   0                   0                   0                   0                   0               11949
     147                    0                   0                   0                   0                   0                   0                   0                   0                   0               11950
     148                    0                   0                   0                   0                   0                   0                   0                   0                   0               11966
     149                    0                   0                   0                   0                   0                   0                   0                   0                   0               11953
     150                    0                   0                   0                   0                   0                   0                   0                   0                   0               11960
     151                    0                   0                   0                   0                   0                   0                   0                   0                   0               11973
     152                    0                   0                   0                   0                   0                   0                   0                   0                   0               11966
     153                    0                   0                   0                   0                   0                   0                   0                   0                   0               11966
     154                    0                   0                   0                   0                   0                   0                   0                   0                   0               11966
     155                    0                   0                   0                   0                   0                   0                   0                   0                   0               11967
     156                    0                   0                   0                   0                   0                   0                   0                   0                   0               11969
     157                    0                   0                   0                   0                   0                   0                   0                   0                   0               11970
     158                    0                   0                   0                   0                   0                   0                   0                   0                   0               11973
