   Depth            BFSolver                A(i)                A(c)           A(+{c,i})         A(+{c,i,4})    A(+{*{i,i},c,4})    A(+{*{s,s},c,4})A(+{*{B,B,s,s},c,4})A(+{*{B,B,a,a},c,4})             A(rand)
       1                    0                   1                   1                   1                   1                   1                   1                   1                   1                   1
       2                    4                   6                   6                   6                   6                   8                  29                  29                  29                  20
       3                    7                  12                  12                  12                  12                   9                  30                  30                  30                  21
       4                   13                  21                  22                  21                  21                  11                  32                  32                  32                 307
       5                   23                  50                  41                  50                  48                  13                  34                  34                  34                 308
       6                   41                 132                  67                 126                 117                  16                  37                  37                  37                 311
       7                   66                 301                 106                 264                 234                  17                  38                  38                  38                 356
       8                  105                 473                 172                 408                 357                  19                  40                  40                  40                 428
       9                  161                 876                 264                 691                 596                  21                  42                  42                  42                 370
      10                  256                1371                 375                 960                 817                  28                  49                  49                  49                 453
      11                  379                2604                 521                1721                1438                  42                  93                  93                  93                 454
      12                  577                4859                 699                3123                2568                  66                 101                 101                 101                 486
      13                  837                9434                 971                5688                2561                  69                 110                 110                 110                 488
      14                 1253                8053                1280               10363                3944                  78                 113                 113                 113                5957
      15                 1763               10206                1738                7654                6013                  90                 114                 114                 114                 479
      16                 2565               10416                2323               10368               10569                  94                 125                 125                 125                 475
      17                 3529               10390                3103               10552               10620                  95                 126                 126                 126                6065
      18                 5016               10437                4068               10705               10682                  96                 127                 127                 127                 507
      19                 6765               10469                5487               10707               10697                 106                 129                 129                 129                 489
      20                 9464               10468                7224               10680               10691                  99                 130                 130                 130                 502
      21                12621               10471                9556               10643               10727                 110                 132                 132                 132               11632
      22                17429               10451               11156               10679               10696                 111                 150                 150                 150               11633
      23                23020               10415                   0               10676               10727                 117                 152                 152                 152                 501
      24                31457               10422                   0               10619               10725                 123                 157                 157                 157                 502
      25                41178               10416                   0               10689               10722                 125                 160                 160                 160                 431
      26                49523                9872                   0               10604               10660                 130                 143                 143                 143                6091
      27                    0                9417                   0               10360               10544                 131                 159                 159                 159                6093
      28                    0                9421                   0               10330               10551                 151                 160                 160                 160                 454
      29                    0                9169                   0               10354               10557                 157                 162                 162                 162                 441
      30                    0                   0                   0               10005               10560                 160                 166                 166                 166                 454
      31                    0                   0                   0                   0               10555                 178                 178                 178                 178                 444
      32                    0                   0                   0                   0                   0                 186                 173                 173                 173                 446
      33                    0                   0                   0                   0                   0                 186                 181                 181                 181                 448
      34                    0                   0                   0                   0                   0                 191                 191                 191                 191                 449
      35                    0                   0                   0                   0                   0                 194                 192                 192                 192                 451
      36                    0                   0                   0                   0                   0                 193                 194                 194                 194                 452
      37                    0                   0                   0                   0                   0                 194                 198                 198                 198                 453
      38                    0                   0                   0                   0                   0                 197                 203                 203                 203                 454
      39                    0                   0                   0                   0                   0                 200                 210                 210                 210                 509
      40                    0                   0                   0                   0                   0                 228                 211                 211                 211                 525
      41                    0                   0                   0                   0                   0                 216                 211                 211                 211                 656
      42                    0                   0                   0                   0                   0                 230                 217                 217                 217                 547
      43                    0                   0                   0                   0                   0                 232                 221                 221                 221                1037
      44                    0                   0                   0                   0                   0                 235                 225                 225                 225                1038
      45                    0                   0                   0                   0                   0                 236                 226                 226                 226                1039
      46                    0                   0                   0                   0                   0                 242                 227                 227                 227                1043
      47                    0                   0                   0                   0                   0                 243                3915                3915                3913                2543
      48                    0                   0                   0                   0                   0                 244                3915                3915                3913                2547
      49                    0                   0                   0                   0                   0                7096                3919                3919                3917                2549
      50                    0                   0                   0                   0                   0                7095                3921                3921                3919                1170
      51                    0                   0                   0                   0                   0                7103                 400                 400                 400                5995
      52                    0                   0                   0                   0                   0                7107                3926                3926                3924                1553
      53                    0                   0                   0                   0                   0                7109                3929                3929                3927                5262
      54                    0                   0                   0                   0                   0                7110                 410                 410                 410                6057
      55                    0                   0                   0                   0                   0                7111                8567                8567                8562                6059
      56                    0                   0                   0                   0                   0                7112                3933                3933                3931                6060
      57                    0                   0                   0                   0                   0                7113                8569                8569                8564                6061
      58                    0                   0                   0                   0                   0                9911                8572                8572                8567                6062
      59                    0                   0                   0                   0                   0               14482                8567                8567                8562                6064
      60                    0                   0                   0                   0                   0               14426                8568                8568                8563                6113
      61                    0                   0                   0                   0                   0               14483                8566                8566                8561               11110
      62                    0                   0                   0                   0                   0               14483                8569                8569                8564               11112
      63                    0                   0                   0                   0                   0               14512                8571                8571                8566               11212
      64                    0                   0                   0                   0                   0               14510                8572                8572                8567               11118
      65                    0                   0                   0                   0                   0               14511                8574                8574                8569               11197
      66                    0                   0                   0                   0                   0               14514                8617                8617                8612               11643
      67                    0                   0                   0                   0                   0               14517                8619                8619                8614               11199
      68                    0                   0                   0                   0                   0               14532                8620                8620                8615               11632
      69                    0                   0                   0                   0                   0               14591                8621                8621                8616               11212
      70                    0                   0                   0                   0                   0               14648                8660                8660                8655               11218
      71                    0                   0                   0                   0                   0               14658                8662                8662                8657               11212
      72                    0                   0                   0                   0                   0               14801                8663                8663                8658               11214
      73                    0                   0                   0                   0                   0               14805                8664                8664                8659               11213
      74                    0                   0                   0                   0                   0               14964                8667                8667                8662               11211
      75                    0                   0                   0                   0                   0               14975                8670                8670                8665               11212
      76                    0                   0                   0                   0                   0               15010                8701                8701                8696               11213
      77                    0                   0                   0                   0                   0               15015                8710                8710                8705               11200
      78                    0                   0                   0                   0                   0               15056                8714                8714                8709               11198
      79                    0                   0                   0                   0                   0               15106                8747                8747                8742               11199
      80                    0                   0                   0                   0                   0               15153                8754                8754                8749               11214
      81                    0                   0                   0                   0                   0               15281                8765                8765                8760               11215
      82                    0                   0                   0                   0                   0               15287                8766                8766                8761               11216
      83                    0                   0                   0                   0                   0               15367                8791                8791                8786               11217
      84                    0                   0                   0                   0                   0               15408                8783                8783                8778               11218
      85                    0                   0                   0                   0                   0               15461                8795                8795                8790               11219
      86                    0                   0                   0                   0                   0               15504                8798                8798                8793               10798
      87                    0                   0                   0                   0                   0               15505                8805                8805                8800               10829
      88                    0                   0                   0                   0                   0               15519                8987                8987                8982               10830
      89                    0                   0                   0                   0                   0               15520                9000                9000                8995               11618
      90                    0                   0                   0                   0                   0               15535                8989                8989                8984               11619
      91                    0                   0                   0                   0                   0               15775                8990                8990                8985               10835
      92                    0                   0                   0                   0                   0               15783                9003                9003                8998               10838
      93                    0                   0                   0                   0                   0               15915                8993                8993                8988               10848
      94                    0                   0                   0                   0                   0               15953                9004                9004                8999               10847
      95                    0                   0                   0                   0                   0               16082                8860                8860                8855               11220
      96                    0                   0                   0                   0                   0               16159                9004                9004                8999               11243
      97                    0                   0                   0                   0                   0               16221                8870                8870                8865               11613
      98                    0                   0                   0                   0                   0               16333                9011                9011                9006               11614
      99                    0                   0                   0                   0                   0               16351                9014                9014                9009               11643
     100                    0                   0                   0                   0                   0               16354                9056                9056                9051               11355
     101                    0                   0                   0                   0                   0               16356                9059                9059                9054               11361
     102                    0                   0                   0                   0                   0               16357                9094                9094                9089               11372
     103                    0                   0                   0                   0                   0               16344                9096                9096                9091               11374
     104                    0                   0                   0                   0                   0               16300                9098                9098                9093               11376
     105                    0                   0                   0                   0                   0               16312                9159                9159                9154               11638
     106                    0                   0                   0                   0                   0               16315                9226                9226                9221               11596
     107                    0                   0                   0                   0                   0               16320                9233                9233                9228               11498
     108                    0                   0                   0                   0                   0               16324                9242                9242                9237               11597
     109                    0                   0                   0                   0                   0               16325                9280                9280                9275               11599
     110                    0                   0                   0                   0                   0               16327                9409                9409                9404               11612
     111                    0                   0                   0                   0                   0               15996                9418                9418                9413               11613
     112                    0                   0                   0                   0                   0               16019                9437                9437                9432               11502
     113                    0                   0                   0                   0                   0               16020                9468                9468                9463               11640
     114                    0                   0                   0                   0                   0               16028                9510                9510                9505               11642
     115                    0                   0                   0                   0                   0               16040                9519                9519                9514               11644
     116                    0                   0                   0                   0                   0               16045                9606                9606                9601               11614
     117                    0                   0                   0                   0                   0               16054                9625                9625                9620               11533
     118                    0                   0                   0                   0                   0               16055                9673                9673                9668               11541
     119                    0                   0                   0                   0                   0               16057                9685                9685                9680               11581
     120                    0                   0                   0                   0                   0               16057               11432               11432               11427               11627
     121                    0                   0                   0                   0                   0               16068               11443               11443               11438               11629
     122                    0                   0                   0                   0                   0               16068               11468               11468               11463               11630
     123                    0                   0                   0                   0                   0               16062               11474               11474               11469               11632
     124                    0                   0                   0                   0                   0               16066               11478               11478               11473               11619
     125                    0                   0                   0                   0                   0               16072               11477               11477               11472               11548
     126                    0                   0                   0                   0                   0               15910               11478               11478               11473               11549
     127                    0                   0                   0                   0                   0               14396               11481               11481               12715               11555
     128                    0                   0                   0                   0                   0               14402               12296               12296               12714               11643
     129                    0                   0                   0                   0                   0               14400               11923               11923               12724               11633
     130                    0                   0                   0                   0                   0               14400               12300               12300               12720               11635
     131                    0                   0                   0                   0                   0               14401               12302               12302               12732               11638
     132                    0                   0                   0                   0                   0               14402               12307               12307               12733               11639
     133                    0                   0                   0                   0                   0               14407               12309               12309               12736               11621
     134                    0                   0                   0                   0                   0               14419               12322               12322               12736               11622
     135                    0                   0                   0                   0                   0               14420               12322               12322               12740               11643
     136                    0                   0                   0                   0                   0               14424               12367               12367               12362               11648
     137                    0                   0                   0                   0                   0               14424               12370               12370               12738               11653
     138                    0                   0                   0                   0                   0               14423               12326               12326               12741               11654
     139                    0                   0                   0                   0                   0               14415               12327               12327               12322               11657
     140                    0                   0                   0                   0                   0               14416               12329               12329               12324               11659
     141                    0                   0                   0                   0                   0               14418               12347               12347               12342               11660
     142                    0                   0                   0                   0                   0                9911               12371               12371               12366               11616
     143                    0                   0                   0                   0                   0                9909               12348               12348               12343               11617
     144                    0                   0                   0                   0                   0                8923               12369               12369               12364               11614
     145                    0                   0                   0                   0                   0                8925               12380               12371               12741               11613
     146                    0                   0                   0                   0                   0                8749               12392               12359               12753               11216
     147                    0                   0                   0                   0                   0                8831               12398               12362               12759               11097
     148                    0                   0                   0                   0                   0                8748               12400               12365               12765               11098
     149                    0                   0                   0                   0                   0                8829               12401               12367               12814               11102
     150                    0                   0                   0                   0                   0                8745               12403               12110               12827               11101
     151                    0                   0                   0                   0                   0                8747               12406               12119               12864               11078
     152                    0                   0                   0                   0                   0                   0               12408               12133               12876               11079
     153                    0                   0                   0                   0                   0                   0               12159               12159               12913               11081
     154                    0                   0                   0                   0                   0                   0               12174               12174               12923               11085
     155                    0                   0                   0                   0                   0                   0               12182               12182               12932               10618
     156                    0                   0                   0                   0                   0                   0               12199               12199               12950               11660
     157                    0                   0                   0                   0                   0                   0               12224               12224               12976               11661
     158                    0                   0                   0                   0                   0                   0               12240               12240               12997               11663
     159                    0                   0                   0                   0                   0                   0               12247               12247               13015               11666
     160                    0                   0                   0                   0                   0                   0               12255               12255               13034               11676
     161                    0                   0                   0                   0                   0                   0               12262               12262               13033               11676
     162                    0                   0                   0                   0                   0                   0               12266               12266               13027               11670
     163                    0                   0                   0                   0                   0                   0               12269               12269               12850               11671
     164                    0                   0                   0                   0                   0                   0               12265               12265               12857               11675
     165                    0                   0                   0                   0                   0                   0               11831               11831               12697               11676
     166                    0                   0                   0                   0                   0                   0               11833               11833               12692               11681
     167                    0                   0                   0                   0                   0                   0               11851               11851               11846               11693
     168                    0                   0                   0                   0                   0                   0               11872               11872               11867               11698
     169                    0                   0                   0                   0                   0                   0               11852               11852               11847               11699
     170                    0                   0                   0                   0                   0                   0               11870               11870               11865               11702
     171                    0                   0                   0                   0                   0                   0               11899               11899               11894               11704
     172                    0                   0                   0                   0                   0                   0               12275               12275               12270               11620
     173                    0                   0                   0                   0                   0                   0               11903               11903               12700               11643
     174                    0                   0                   0                   0                   0                   0               12277               12277               12272               10726
     175                    0                   0                   0                   0                   0                   0               12279               12279               12698               10695
     176                    0                   0                   0                   0                   0                   0               12285               12285               12700               10705
     177                    0                   0                   0                   0                   0                   0               12289               12289               12706               10699
     178                    0                   0                   0                   0                   0                   0               12289               12289               12708               10777
     179                    0                   0                   0                   0                   0                   0               12289               12289               12708               10702
     180                    0                   0                   0                   0                   0                   0               12290               12290               12708               10746
     181                    0                   0                   0                   0                   0                   0               12291               12291               12709               10747
     182                    0                   0                   0                   0                   0                   0               12292               12292               12710               10749
     183                    0                   0                   0                   0                   0                   0               12293               12293               12288               10750
     184                    0                   0                   0                   0                   0                   0               12294               12294               12289               10753
     185                    0                   0                   0                   0                   0                   0                   0                   0                   0               10757
     186                    0                   0                   0                   0                   0                   0                   0                   0                   0               10760
     187                    0                   0                   0                   0                   0                   0                   0                   0                   0               10761
     188                    0                   0                   0                   0                   0                   0                   0                   0                   0               10769
     189                    0                   0                   0                   0                   0                   0                   0                   0                   0               11220
     190                    0                   0                   0                   0                   0                   0                   0                   0                   0               10770
     191                    0                   0                   0                   0                   0                   0                   0                   0                   0               10774
     192                    0                   0                   0                   0                   0                   0                   0                   0                   0               10776
     193                    0                   0                   0                   0                   0                   0                   0                   0                   0               10777
     194                    0                   0                   0                   0                   0                   0                   0                   0                   0               10390
     195                    0                   0                   0                   0                   0                   0                   0                   0                   0               10265
     196                    0                   0                   0                   0                   0                   0                   0                   0                   0               10247
     197                    0                   0                   0                   0                   0                   0                   0                   0                   0               10249
     198                    0                   0                   0                   0                   0                   0                   0                   0                   0               10250
     199                    0                   0                   0                   0                   0                   0                   0                   0                   0               10253
     200                    0                   0                   0                   0                   0                   0                   0                   0                   0               10255
