   Depth            BFSolver                A(i)                A(c)           A(+{c,i})         A(+{c,i,4})    A(+{*{i,i},c,4})    A(+{*{s,s},c,4})A(+{*{B,B,s,s},c,4})A(+{*{B,B,a,a},c,4})             A(rand)
       1                    0                   1                   1                   1                   1                   1                   1                   1                   1                   1
       2                    4                   8                   8                   8                   8                  17                  17                  17                  17                   7
       3                    8                  18                  10                  13                  13                  10                  10                  10                  10                   9
       4                   18                  38                  19                  19                  19                  16                  16                  16                  16                 538
       5                   36                  89                  26                  29                  29                  17                  17                  17                  17                 539
       6                   62                 197                  31                  49                  49                  19                  19                  19                  19                 543
       7                   89                 298                  40                  51                  51                  25                  25                  25                  25                 550
       8                  129                 572                  61                 111                 111                  29                  29                  29                  29                3064
       9                  177                1006                  86                 154                 154                  35                  35                  35                  35                3067
      10                  257                1724                 116                 299                 299                  36                  36                  36                  36                3069
      11                  360                2289                 152                 353                 353                  39                  39                  39                  39                3070
      12                  528                4328                 194                 575                 575                  56                  56                  56                  56                4919
      13                  747                5333                 257                 575                 575                 389                 389                  59                  59                7548
      14                 1080                7919                 313                 872                 872                 416                 416                  60                  60                7549
      15                 1485                7784                 385                 830                 830                 742                 742                  61                  61                7550
      16                 2067                8139                 474                1029                1029                 761                 761                 115                 115                7663
      17                 2759                8129                 572                1123                1123                 817                 817                 117                 117                7599
      18                 3714                8134                 711                1289                1286                 819                 819                 131                 131                7600
      19                 4818                7833                 840                1448                1441                 918                 918                 134                 134                7662
      20                 6316                8141                1006                1760                1751                 920                 920                 150                 150                5722
      21                 8031                8147                1195                2365                2351                 152                 152                 150                 150                7398
      22                10295                7580                1348                2954                2913                 305                 305                 164                 164                7665
      23                12841                7654                1590                3061                3009                 325                 325                 165                 165                7320
      24                16145                7583                1774                3062                3004                 349                 349                 166                 166                7794
      25                19764                   0                2120                3083                3025                 354                 354                 188                 188                7849
      26                24387                   0                2232                3600                3517                 362                 362                 186                 186                7850
      27                29328                   0                2658                3948                3833                 373                 373                 198                 198                7852
      28                35514                   0                2685                5154                4962                 377                 377                 192                 192                7855
      29                41907                   0                3142                5175                4973                 380                 380                 192                 192                7856
      30                49769                   0                3316                6387                6134                 390                 390                 199                 199                7857
      31                57633                   0                3930                6385                6132                 435                 435                 206                 206                7858
      32                63911                   0                3960                6324                6686                 748                 748                 205                 205                8033
      33                    0                   0                4676                6756                6495                 767                 767                 287                 287                8954
      34                    0                   0                4916                6795                6930                 813                 813                 285                 285                8959
      35                    0                   0                5935                6993                6864                 827                 827                 301                 301                9057
      36                    0                   0                5982                7033                6878                 915                 915                 302                 302                9137
      37                    0                   0                6852                7078                6839                 926                 926                 310                 310               10614
      38                    0                   0                6938                6989                6920                 927                 927                 308                 308               10756
      39                    0                   0                   0                7022                6926                 845                 845                 311                 311               10826
      40                    0                   0                   0                7082                6832                 689                 689                 291                 291               10827
      41                    0                   0                   0                   0                   0                 686                 686                 287                 281               11166
      42                    0                   0                   0                   0                   0                 735                 735                 315                 315               10832
      43                    0                   0                   0                   0                   0                 736                 736                 316                 316               10833
      44                    0                   0                   0                   0                   0                 733                 733                 318                 318               11666
      45                    0                   0                   0                   0                   0                 734                 734                 320                 320               11667
      46                    0                   0                   0                   0                   0                 736                 736                 324                 324               11726
      47                    0                   0                   0                   0                   0                 751                 751                 341                 341               11727
      48                    0                   0                   0                   0                   0                 779                 779                 345                 345               11728
      49                    0                   0                   0                   0                   0                 816                 816                 353                 353               12924
      50                    0                   0                   0                   0                   0                 897                 897                 389                 389               12009
      51                    0                   0                   0                   0                   0                 916                 916                 388                 388               12013
      52                    0                   0                   0                   0                   0                 929                 929                 392                 392               12015
      53                    0                   0                   0                   0                   0                 930                 930                 393                 393               12014
      54                    0                   0                   0                   0                   0                 935                 935                 398                 398               12430
      55                    0                   0                   0                   0                   0                 952                 952                 415                 415               12431
      56                    0                   0                   0                   0                   0                 954                 954                 417                 417               12444
      57                    0                   0                   0                   0                   0                 955                 955                 418                 418               12440
      58                    0                   0                   0                   0                   0                 992                 992                 449                 449               12444
      59                    0                   0                   0                   0                   0                 995                 995                 452                 452               12444
      60                    0                   0                   0                   0                   0                 996                 996                 453                 453               12489
      61                    0                   0                   0                   0                   0                 996                 996                 454                 454               12490
      62                    0                   0                   0                   0                   0                1001                1001                 459                 459               12528
      63                    0                   0                   0                   0                   0                1003                1003                 463                 463               12791
      64                    0                   0                   0                   0                   0                1011                1011                 471                 471               12947
      65                    0                   0                   0                   0                   0                1006                1006                 466                 466               12949
      66                    0                   0                   0                   0                   0                1012                1012                 472                 472               12954
      67                    0                   0                   0                   0                   0                1011                1011                 473                 473               12977
      68                    0                   0                   0                   0                   0                1023                1023                 476                 476               12959
      69                    0                   0                   0                   0                   0                1027                1027                 487                 487               13041
      70                    0                   0                   0                   0                   0                1032                1032                 492                 492               12975
      71                    0                   0                   0                   0                   0                1055                1055                 515                 515               12977
      72                    0                   0                   0                   0                   0                1041                1041                 501                 501               12979
      73                    0                   0                   0                   0                   0                1056                1056                 516                 516               12986
      74                    0                   0                   0                   0                   0                1058                1058                 518                 518               12987
      75                    0                   0                   0                   0                   0                1059                1059                 519                 519               13041
      76                    0                   0                   0                   0                   0                1063                1063                 523                 523               13042
      77                    0                   0                   0                   0                   0                1066                1066                 526                 526               13051
      78                    0                   0                   0                   0                   0                1053                1053                 513                 513               13049
      79                    0                   0                   0                   0                   0                   0                   0                   0                   0               13050
      80                    0                   0                   0                   0                   0                   0                   0                   0                   0               13051
      81                    0                   0                   0                   0                   0                   0                   0                   0                   0               13038
      82                    0                   0                   0                   0                   0                   0                   0                   0                   0               13041
      83                    0                   0                   0                   0                   0                   0                   0                   0                   0               13036
      84                    0                   0                   0                   0                   0                   0                   0                   0                   0               13037
      85                    0                   0                   0                   0                   0                   0                   0                   0                   0               13031
      86                    0                   0                   0                   0                   0                   0                   0                   0                   0               13033
      87                    0                   0                   0                   0                   0                   0                   0                   0                   0               12938
      88                    0                   0                   0                   0                   0                   0                   0                   0                   0               12940
      89                    0                   0                   0                   0                   0                   0                   0                   0                   0               12941
      90                    0                   0                   0                   0                   0                   0                   0                   0                   0               12949
      91                    0                   0                   0                   0                   0                   0                   0                   0                   0               12947
      92                    0                   0                   0                   0                   0                   0                   0                   0                   0               12925
      93                    0                   0                   0                   0                   0                   0                   0                   0                   0               12388
      94                    0                   0                   0                   0                   0                   0                   0                   0                   0               12398
      95                    0                   0                   0                   0                   0                   0                   0                   0                   0               12402
      96                    0                   0                   0                   0                   0                   0                   0                   0                   0               12412
      97                    0                   0                   0                   0                   0                   0                   0                   0                   0               12413
      98                    0                   0                   0                   0                   0                   0                   0                   0                   0               12422
      99                    0                   0                   0                   0                   0                   0                   0                   0                   0               12416
     100                    0                   0                   0                   0                   0                   0                   0                   0                   0               12426
     101                    0                   0                   0                   0                   0                   0                   0                   0                   0               12426
     102                    0                   0                   0                   0                   0                   0                   0                   0                   0               12426
     103                    0                   0                   0                   0                   0                   0                   0                   0                   0               12372
