   Depth            BFSolver                A(i)                A(c)           A(+{c,i})         A(+{c,i,4})    A(+{*{i,i},c,4})    A(+{*{s,s},c,4})A(+{*{B,B,s,s},c,4})A(+{*{B,B,a,a},c,4})             A(rand)
       1                    0                   1                   1                   1                   1                   1                   1                   1                   1                   1
       2                    3                   4                   4                   4                   4                   4                   4                   4                   4                   5
       3                    5                   6                   6                   6                   6                   6                   6                   6                   6                   6
       4                    7                   9                   9                   9                   7                   7                   7                   7                   7                  29
       5                   12                  19                  16                  16                  13                  21                  10                  10                  10                 188
       6                   21                  36                  22                  22                  18                  22                  19                  19                  19                 194
       7                   34                  71                  30                  30                  25                  28                  54                  54                  54                1257
       8                   53                 120                  39                  42                  32                  77                  61                  61                  61                1317
       9                   82                 164                  50                  64                  48                  79                  65                  65                  65                3561
      10                  120                 277                  63                  98                  75                  81                  77                  77                  77                3782
      11                  173                 457                  73                 152                 114                 110                  94                  94                  94                5071
      12                  236                 680                  82                 200                 154                 112                  96                  96                  96                5075
      13                  316                1003                  99                 223                 175                 113                  97                  97                  97                5077
      14                  413                1384                 120                 154                 116                 114                  98                  98                  98                5075
      15                  531                1698                 150                 175                 136                 117                 101                 101                 101                5227
      16                  664                2351                 181                 233                 186                 119                 103                 103                 103               13816
      17                  828                2614                 213                 286                 228                 120                 104                 104                 104               13859
      18                 1008                3267                 235                 339                 274                 123                 107                 107                 107               13869
      19                 1210                3565                 266                 373                 298                 126                 110                 110                 110               15497
      20                 1419                4207                 276                 435                 348                 128                 112                 112                 112               13869
      21                 1651                4731                 291                 506                 411                 131                 115                 115                 115               13867
      22                 1870                5430                 314                 613                 510                 147                 131                 117                 117               15217
      23                 2102                5504                 340                 547                 454                 141                 125                 125                 128               13847
      24                 2330                6042                 370                 421                 336                 149                 133                 131                 131               13851
      25                 2572                7077                 395                 443                 353                 151                 135                 133                 133               13852
      26                 2815                8136                 426                 454                 364                 153                 137                 135                 135               14011
      27                 3086                8264                 456                 514                 421                 154                 138                 136                 136               14014
      28                 3359                9174                 491                 536                 441                 156                 140                 138                 138               14015
      29                 3658                8356                 512                 617                 511                 158                 142                 140                 140               15386
      30                 3966                9898                 548                 660                 550                 159                 143                 141                 141               15391
      31                 4314               11619                 587                 721                 597                 160                 144                 142                 142               15534
      32                 4670               10734                 631                 765                 634                 161                 145                 143                 143               14109
      33                 5085               11625                 666                 905                 760                 165                 149                 147                 147               15087
      34                 5504               11663                 720                1099                 942                 219                 152                 150                 150               15390
      35                 5971               11660                 758                1272                1095                 222                 154                 152                 152               14057
      36                 6418               11665                 824                1197                1029                 223                 155                 153                 153               14058
      37                 6905               11656                 878                1470                1283                 225                 188                 186                 186               14195
      38                 7370               11598                 966                1763                1553                 226                 190                 188                 188               14060
      39                 7883               11663                1027                2052                1813                 227                 192                 190                 190               14124
      40                 8375               11638                1140                1517                1326                 240                 203                 201                 201               14125
      41                 8898               11546                1228                1768                1558                 244                 206                 204                 204               14610
      42                 9399               11599                1357                1886                1665                 248                 212                 210                 210               15222
      43                 9964               11592                1471                2201                1953                 366                 254                 252                 256               14098
      44                10525               11610                1610                2537                2261                 396                 296                 294                 301               14365
      45                11142               11603                1724                2783                2495                1413                 297                 295                 302               14376
      46                11758               11614                1864                2436                2171                1412                1406                1385                1361               14377
      47                12408               11560                1990                2663                2395                1428                1405                1387                1420               15538
      48                13053               11574                2146                2865                2560                1448                1409                1391                1424               15539
      49                13736               11431                2279                3176                2819                1455                1406                1389                1422               15538
      50                14389               11562                2428                3319                2952                1462                1410                1394                1430               15591
      51                15051               11605                2554                3326                2954                1464                1408                1395                1431               15592
      52                15671                   0                2701                3576                3156                1473                1410                1397                1433               15593
      53                16304                   0                2849                3469                3068                1538                1412                1398                1431               15537
      54                16867                   0                2979                3711                3285                1587                1428                1414                1447               15540
      55                17434                   0                3107                3647                3233                1675                1414                1400                1448               15512
      56                17934                   0                3221                3877                3435                1677                1428                1417                1448               15523
      57                18430                   0                3346                4004                3543                1678                1429                1418                1449               15536
      58                18876                   0                3466                4265                3768                1679                1430                1419                1450               15536
      59                19314                   0                3570                4486                3976                1681                1432                1421                1452               15541
      60                19694                   0                3685                4497                3987                1685                1436                1425                1456               15540
      61                20064                   0                3786                4587                4072                1688                1439                1428                1459               15592
      62                20395                   0                3890                4583                3972                1690                1441                1430                1461               15532
      63                20729                   0                3972                4768                4142                1691                1442                1431                1462               15527
      64                21008                   0                4074                4660                4138                1694                1445                1434                1465               15528
      65                21274                   0                4152                4847                4316                1697                1448                1437                1468               15534
      66                21508                   0                4268                4843                4312                1699                1450                1439                1470               15536
      67                21739                   0                4338                5003                4471                1702                1453                1442                1473               15537
      68                21935                   0                4442                4994                4462                1714                1465                1444                1475               15538
      69                22129                   0                4527                5133                4578                1710                1461                1450                1484               15540
      70                22297                   0                4623                5080                4541                1716                1467                1454                1485               15547
      71                22470                   0                4704                5199                4631                1718                1469                1456                1487               15546
      72                22618                   0                4772                5199                4627                1720                1471                1458                1489               15545
      73                22768                   0                4832                5308                4713                1835                1472                1459                1490               15546
      74                22906                   0                4910                5251                4666                1723                1474                1461                1492               15498
      75                23051                   0                4978                5324                4723                1920                1476                1463                1494               15534
      76                23184                   0                5049                5298                4706                1729                1480                1467                1498               15528
      77                23314                   0                5114                5350                4739                1731                1482                1469                1500               15529
      78                23420                   0                5148                5358                4743                1732                1483                1470                1501               15536
      79                23517                   0                5194                5367                4748                1744                1485                1472                1503               15538
      80                23598                   0                5236                5348                4737                1756                1488                1475                1506               15538
      81                23671                   0                5280                5370                4753                1745                1490                1477                1508               15540
      82                23733                   0                5320                5376                4754                1756                1502                1489                1520               15487
      83                23793                   0                5347                5366                4746                1761                1498                1485                1516               15533
      84                23834                   0                5364                5407                4778                1769                1511                1498                1529               15498
      85                23869                   0                5391                5393                4764                1771                1513                1500                1531               15497
      86                23900                   0                5418                5405                4776                1773                1515                1502                1533               15497
      87                23932                   0                5441                5408                4779                1831                1547                1534                1575               15481
      88                23956                   0                5455                5410                4781                1835                1551                1538                1582               15529
      89                23975                   0                5458                5413                4784                1836                1552                1539                1583               15482
      90                23980                   0                5466                   0                   0                1924                1640                1627                1584               15501
      91                    0                   0                   0                   0                   0                1882                1598                1585                1629               15592
      92                    0                   0                   0                   0                   0                1880                1596                1583                1627               15593
      93                    0                   0                   0                   0                   0                1883                1599                1586                1630               15594
      94                    0                   0                   0                   0                   0                1884                1600                1587                1631               15595
      95                    0                   0                   0                   0                   0                1887                1603                1590                1634               15598
      96                    0                   0                   0                   0                   0                1888                1604                1591                1635               15601
      97                    0                   0                   0                   0                   0                1891                1607                1594                1636               15603
      98                    0                   0                   0                   0                   0                1894                1610                1597                1639               15551
      99                    0                   0                   0                   0                   0                1900                1616                1603                1641               15591
     100                    0                   0                   0                   0                   0                1900                1616                1603                1641               15552
     101                    0                   0                   0                   0                   0                1907                1626                1613                1643               15556
     102                    0                   0                   0                   0                   0                1918                1632                1619                1645               15561
     103                    0                   0                   0                   0                   0                1926                1642                1629                1647               15578
     104                    0                   0                   0                   0                   0                1928                1644                1631                1649               15586
     105                    0                   0                   0                   0                   0                1929                1645                1632                1650               15588
     106                    0                   0                   0                   0                   0                1932                1648                1635                1653               15595
     107                    0                   0                   0                   0                   0                1935                1651                1638                1656               15596
     108                    0                   0                   0                   0                   0                1937                1653                1640                1658               15592
     109                    0                   0                   0                   0                   0                1940                1656                1643                1661               15585
     110                    0                   0                   0                   0                   0                   0                   0                   0                   0               15593
     111                    0                   0                   0                   0                   0                   0                   0                   0                   0               15256
     112                    0                   0                   0                   0                   0                   0                   0                   0                   0               15255
     113                    0                   0                   0                   0                   0                   0                   0                   0                   0               15256
     114                    0                   0                   0                   0                   0                   0                   0                   0                   0               15257
     115                    0                   0                   0                   0                   0                   0                   0                   0                   0               14981
     116                    0                   0                   0                   0                   0                   0                   0                   0                   0               14982
     117                    0                   0                   0                   0                   0                   0                   0                   0                   0               14983
     118                    0                   0                   0                   0                   0                   0                   0                   0                   0               14983
     119                    0                   0                   0                   0                   0                   0                   0                   0                   0               14984
     120                    0                   0                   0                   0                   0                   0                   0                   0                   0               14988
     121                    0                   0                   0                   0                   0                   0                   0                   0                   0               14995
     122                    0                   0                   0                   0                   0                   0                   0                   0                   0               14995
     123                    0                   0                   0                   0                   0                   0                   0                   0                   0               14996
