   Depth            BFSolver                A(i)                A(c)           A(+{c,i})         A(+{c,i,4})    A(+{*{i,i},c,4})    A(+{*{s,s},c,4})A(+{*{B,B,s,s},c,4})A(+{*{B,B,a,a},c,4})             A(rand)
       1                    0                   1                   1                   1                   1                   1                   1                   1                   1                   1
       2                    3                   5                   5                   5                   5                  42                  42                  50                  36                   5
       3                    6                  11                  11                  11                  11                  43                  43                  51                  37                  13
       4                   11                  35                  23                  32                  32                  82                  82                  84                  70                  18
       5                   27                 113                  53                  84                  84                1039                1045                 473                 588                  41
       6                   60                 285                  90                 127                 127                1138                1146                 483                 593                  54
       7                  122                 716                 127                 202                 202                1615                1625                 488                2791                  49
       8                  229                1034                 171                 245                 245                1928                1940                 809                2792                1099
       9                  411                2001                 197                 281                 281                2392                2406                 817                2793                1100
      10                  692                3867                 247                 427                 426                2624                2640                 823                2794                1101
      11                 1141                5756                 313                 624                 616                2747                2768                 852                2800                1102
      12                 1795                8767                 446                 618                 610                2895                2916                 856                2801                1103
      13                 2734                8821                 576                 930                 916                2897                2918                 912                2801                1245
      14                 4039                8838                 815                1178                1146                2898                2919                1002                2802                5060
      15                 5845                8821                1008                1963                1907                2907                2928                1013                2803                5048
      16                 8267                8763                1382                1962                1906                2911                2932                2134                2808                5064
      17                11478                8103                1653                2735                2641                2915                2936                2156                2813               10858
      18                15420                7911                2256                3053                2951                2916                2937                2186                3042               10863
      19                20354                   0                2562                3704                3559                2024                2036                2199                3043               10863
      20                25949                   0                3187                4410                4198                2440                2454                2232                2904               10859
      21                32509                   0                3393                4690                4493                2666                2684                2252                3041               10862
      22                39266                   0                4108                4881                4673                2878                2899                2270                2907               10991
      23                44743                   0                4308                5303                5087                2925                2946                2334                3040               11335
      24                    0                   0                4912                5590                5384                2919                2940                2369                2915               11378
      25                    0                   0                5050                5591                5385                2923                2944                2380                3040               11379
      26                    0                   0                5390                5593                5385                2494                2510                2431                2924               11497
      27                    0                   0                5426                5599                5391                2498                2514                2450                2935               11457
      28                    0                   0                5499                5596                5388                2298                2311                2515                2942               11469
      29                    0                   0                5540                5568                5362                2460                2474                2523                3041               11478
      30                    0                   0                5466                   0                   0                2674                2693                2538                3042               11483
      31                    0                   0                   0                   0                   0                2883                2904                2548                3044               11497
      32                    0                   0                   0                   0                   0                2929                2950                2568                3045               11494
      33                    0                   0                   0                   0                   0                2930                2951                2581                3050               11493
      34                    0                   0                   0                   0                   0                2931                2952                2605                3051               11494
      35                    0                   0                   0                   0                   0                2937                2958                2616                3052               11494
      36                    0                   0                   0                   0                   0                2935                2956                2623                3053               11497
      37                    0                   0                   0                   0                   0                2942                2963                2644                3054               11498
      38                    0                   0                   0                   0                   0                2943                2964                2651                3060               11499
      39                    0                   0                   0                   0                   0                2945                2966                2652                3064               11503
      40                    0                   0                   0                   0                   0                2685                2704                2657                3067               11504
      41                    0                   0                   0                   0                   0                   0                   0                2653                3068               11505
      42                    0                   0                   0                   0                   0                   0                   0                2681                3035               11506
      43                    0                   0                   0                   0                   0                   0                   0                2705                3037               11512
      44                    0                   0                   0                   0                   0                   0                   0                2736                3040               11675
      45                    0                   0                   0                   0                   0                   0                   0                2748                2110               11605
      46                    0                   0                   0                   0                   0                   0                   0                2766                2124               11608
      47                    0                   0                   0                   0                   0                   0                   0                2773                2134               11677
      48                    0                   0                   0                   0                   0                   0                   0                2790                2150               11679
      49                    0                   0                   0                   0                   0                   0                   0                2794                2151               11681
      50                    0                   0                   0                   0                   0                   0                   0                2955                2151               11675
      51                    0                   0                   0                   0                   0                   0                   0                2956                2152               11675
      52                    0                   0                   0                   0                   0                   0                   0                2974                2170               11658
      53                    0                   0                   0                   0                   0                   0                   0                2978                2173               11682
      54                    0                   0                   0                   0                   0                   0                   0                2987                2180               11689
      55                    0                   0                   0                   0                   0                   0                   0                2994                2191               11695
      56                    0                   0                   0                   0                   0                   0                   0                3006                2204               11647
      57                    0                   0                   0                   0                   0                   0                   0                3013                2222               11649
      58                    0                   0                   0                   0                   0                   0                   0                3036                2236               11197
      59                    0                   0                   0                   0                   0                   0                   0                3063                2271               11335
      60                    0                   0                   0                   0                   0                   0                   0                3091                2286               11197
      61                    0                   0                   0                   0                   0                   0                   0                3102                2298               11171
      62                    0                   0                   0                   0                   0                   0                   0                3119                2306               11168
      63                    0                   0                   0                   0                   0                   0                   0                3134                2313               11334
      64                    0                   0                   0                   0                   0                   0                   0                3142                2318               11208
      65                    0                   0                   0                   0                   0                   0                   0                3149                2322               11209
      66                    0                   0                   0                   0                   0                   0                   0                3160                2326               11236
      67                    0                   0                   0                   0                   0                   0                   0                3166                2336               11334
      68                    0                   0                   0                   0                   0                   0                   0                3182                2340               11336
      69                    0                   0                   0                   0                   0                   0                   0                3183                2348               11253
      70                    0                   0                   0                   0                   0                   0                   0                3204                2361               11255
      71                    0                   0                   0                   0                   0                   0                   0                3211                2369               11255
      72                    0                   0                   0                   0                   0                   0                   0                3231                2372               11254
      73                    0                   0                   0                   0                   0                   0                   0                3619                2665               11255
      74                    0                   0                   0                   0                   0                   0                   0                3632                2667               11248
      75                    0                   0                   0                   0                   0                   0                   0                3620                2435               11250
      76                    0                   0                   0                   0                   0                   0                   0                3640                2675               11251
      77                    0                   0                   0                   0                   0                   0                   0                3649                2675               10793
      78                    0                   0                   0                   0                   0                   0                   0                3655                2676               10862
      79                    0                   0                   0                   0                   0                   0                   0                3656                2684               10864
      80                    0                   0                   0                   0                   0                   0                   0                3657                2686               10865
      81                    0                   0                   0                   0                   0                   0                   0                3665                2677               10866
      82                    0                   0                   0                   0                   0                   0                   0                3666                2692               10799
      83                    0                   0                   0                   0                   0                   0                   0                3667                2699               10505
      84                    0                   0                   0                   0                   0                   0                   0                3668                2702               10513
      85                    0                   0                   0                   0                   0                   0                   0                3670                2708               10514
      86                    0                   0                   0                   0                   0                   0                   0                3673                2711               10513
      87                    0                   0                   0                   0                   0                   0                   0                3677                2765               10512
      88                    0                   0                   0                   0                   0                   0                   0                3681                2776                   0
      89                    0                   0                   0                   0                   0                   0                   0                3686                2777                   0
      90                    0                   0                   0                   0                   0                   0                   0                3689                2769                   0
      91                    0                   0                   0                   0                   0                   0                   0                3690                2782                   0
      92                    0                   0                   0                   0                   0                   0                   0                3555                2784                   0
      93                    0                   0                   0                   0                   0                   0                   0                3577                2786                   0
      94                    0                   0                   0                   0                   0                   0                   0                3570                2789                   0
      95                    0                   0                   0                   0                   0                   0                   0                3571                2656                   0
      96                    0                   0                   0                   0                   0                   0                   0                3564                2676                   0
      97                    0                   0                   0                   0                   0                   0                   0                3580                2658                   0
      98                    0                   0                   0                   0                   0                   0                   0                3600                   0                   0
      99                    0                   0                   0                   0                   0                   0                   0                3603                   0                   0
     100                    0                   0                   0                   0                   0                   0                   0                3608                   0                   0
     101                    0                   0                   0                   0                   0                   0                   0                3613                   0                   0
     102                    0                   0                   0                   0                   0                   0                   0                3601                   0                   0
     103                    0                   0                   0                   0                   0                   0                   0                3616                   0                   0
     104                    0                   0                   0                   0                   0                   0                   0                3619                   0                   0
