   Depth            BFSolver                A(i)                A(c)           A(+{c,i})         A(+{c,i,4})    A(+{*{i,i},c,4})    A(+{*{s,s},c,4})A(+{*{B,B,s,s},c,4})A(+{*{B,B,a,a},c,4})             A(rand)
       1                    0                   1                   1                   1                   1                   1                   1                   1                   1                   1
       2                    2                   2                   2                   2                   2                   2                   2                   2                   2                   2
       3                    3                   3                   3                   3                   3                   3                   3                   3                   3                   3
       4                    4                   4                   4                   4                   4                   4                   4                   4                   4                   4
       5                    5                   5                   5                   5                   5                   5                   5                   5                   5                   5
       6                    6                   6                   6                   6                   6                   6                   6                   6                   6                   6
       7                    7                   7                   7                   7                   7                   7                   7                   7                   7                   7
       8                    9                  10                  10                  10                  10                   9                   9                   9                   9                  17
       9                   11                  16                  15                  16                  16                  10                  10                  10                  10                  10
      10                   13                  18                  17                  18                  18                  13                  13                  13                  13                  13
      11                   14                  18                  18                  18                  18                  14                  14                  14                  14                  14
      12                   15                  18                  19                  18                  18                  16                  16                  16                  16                  17
      13                   16                  22                  24                  22                  22                  17                  17                  17                  17                  18
      14                   18                  36                  38                  34                  34                  19                  19                  19                  19                  62
      15                   23                 189                  71                 106                 106                  22                  22                  22                  22                 126
      16                   36                 653                  98                 273                 253                  28                  26                  26                  26                 326
      17                   57                 682                 167                 286                 266                  30                  28                  28                  28                4979
      18                   98                2028                 246                 595                 553                  33                  32                  32                  32                6706
      19                  161                6062                 402                1332                1185                  34                  34                  34                  34                1493
      20                  269                6119                 534                2757                2357                  38                  38                  38                  38                6934
      21                  429                6273                 856                4144                3384                  39                3010                3010                3010                8712
      22                  711                6293                1212                6120                5665                  43                3021                3021                3021                8713
      23                 1128                6310                1780                6116                5698                  47                3056                3056                3056                8714
      24                 1814                6297                2474                6300                6044                  50                3023                3023                3023                8717
      25                 2833                6309                3863                6305                6104                  51                3055                3055                3055                8722
      26                 4527                6298                5731                6313                5965                  73                3057                3057                3057               10995
      27                 6941                5939                5938                6298                6105                  76                3063                3063                3063               10997
      28                10897                6065                   0                6320                6097                 105                3083                3083                3083               11006
      29                16320                   0                   0                6261                6074                 105                3098                3098                3098               11009
      30                    0                   0                   0                6240                6104                 117                3098                3098                3098               11008
      31                    0                   0                   0                5814                6041                 127                3109                3109                3109               11008
      32                    0                   0                   0                5916                6078                1066                3110                3110                3110               10483
      33                    0                   0                   0                   0                   0                1085                3114                3114                3114               11114
      34                    0                   0                   0                   0                   0                1094                3115                3115                3115               10496
      35                    0                   0                   0                   0                   0                1091                3118                3118                3118               10494
      36                    0                   0                   0                   0                   0                1129                3127                3127                3127               10497
      37                    0                   0                   0                   0                   0                1136                3129                3129                3129                9489
      38                    0                   0                   0                   0                   0                1145                3130                3130                3130               10315
      39                    0                   0                   0                   0                   0                1189                3133                3133                3133               10321
      40                    0                   0                   0                   0                   0                1201                3136                3136                3136               10325
      41                    0                   0                   0                   0                   0                1202                3138                3138                3138               10813
      42                    0                   0                   0                   0                   0                1208                3141                3141                3141               10815
      43                    0                   0                   0                   0                   0                1233                3150                3150                3150               10824
      44                    0                   0                   0                   0                   0                1240                3152                3152                3152               10825
      45                    0                   0                   0                   0                   0                1938                3154                3154                3154               10823
      46                    0                   0                   0                   0                   0                1948                3198                3157                3157               11239
      47                    0                   0                   0                   0                   0                1964                3160                3160                3160               10905
      48                    0                   0                   0                   0                   0                1966                3161                3161                3161               10906
      49                    0                   0                   0                   0                   0                1968                3186                3165                3165               10915
      50                    0                   0                   0                   0                   0                1969                3203                3169                3169               10917
      51                    0                   0                   0                   0                   0                1972                3205                3183                3183               10933
      52                    0                   0                   0                   0                   0                1975                3235                3190                3190               10934
      53                    0                   0                   0                   0                   0                1977                3265               11754               11717               11235
      54                    0                   0                   0                   0                   0                1980                3241               11934               13308               11064
      55                    0                   0                   0                   0                   0                1989                3269               13844               11806               11066
      56                    0                   0                   0                   0                   0                1991                3272               11930               13304               11068
      57                    0                   0                   0                   0                   0                1993                3271               13841               11808               11070
      58                    0                   0                   0                   0                   0                1996                3258               11846               11809               11239
      59                    0                   0                   0                   0                   0                1999                3270               11847               11810               11240
      60                    0                   0                   0                   0                   0                2000                3279               11862               11821               11244
      61                    0                   0                   0                   0                   0                2026                3285               11904               11862               11289
      62                    0                   0                   0                   0                   0                2008                3291               11936               13310               11286
      63                    0                   0                   0                   0                   0                2028                3301               13879               11897               11289
      64                    0                   0                   0                   0                   0                2035               12698               13877               13328               11291
      65                    0                   0                   0                   0                   0                2096               12704               13879               13346               11254
      66                    0                   0                   0                   0                   0                2101               10696               13887               13379               11267
      67                    0                   0                   0                   0                   0                2104               12704               13893               13398               11284
      68                    0                   0                   0                   0                   0                2106               10713               13957               13594               11293
      69                    0                   0                   0                   0                   0                2164               12704               13959               13596               11327
      70                    0                   0                   0                   0                   0                2165               12712               13985               13602               11329
      71                    0                   0                   0                   0                   0                2166               12713               13989               13604               11299
      72                    0                   0                   0                   0                   0                2168               12708               13988               13611               11300
      73                    0                   0                   0                   0                   0                2191               12718               13992               13612               11301
      74                    0                   0                   0                   0                   0                2194               12720               13999               13635               11302
      75                    0                   0                   0                   0                   0                2196               12746               14139               13760               11310
      76                    0                   0                   0                   0                   0                2199               12724               14141               13764               11329
      77                    0                   0                   0                   0                   0                2201               12746               14172               13782               11331
      78                    0                   0                   0                   0                   0                2204               12728               14205               13805               11394
      79                    0                   0                   0                   0                   0                2216               12747               14239               13825               11399
      80                    0                   0                   0                   0                   0                2229               12758               14270               13866               11438
      81                    0                   0                   0                   0                   0                2232               12759               14309               13898               11463
      82                    0                   0                   0                   0                   0                2233               12766               14400               14027               11464
      83                    0                   0                   0                   0                   0                2247               12800               14421               14040               11467
      84                    0                   0                   0                   0                   0                2248               12861               14451               14058               11474
      85                    0                   0                   0                   0                   0                2299               12859               14452               14080               11470
      86                    0                   0                   0                   0                   0                2300               12843               14441               14115               11473
      87                    0                   0                   0                   0                   0                4969               12849               14443               14240               11405
      88                    0                   0                   0                   0                   0                5092               12847               14445               14277               11432
      89                    0                   0                   0                   0                   0                5152               12850               14394               14279               11409
      90                    0                   0                   0                   0                   0                5345               12852               14376               14270               11434
      91                    0                   0                   0                   0                   0                5364               12859               14395               14272               11474
      92                    0                   0                   0                   0                   0                5570               12827               14395               14274               11475
      93                    0                   0                   0                   0                   0                5625               12826               14396               14253               11476
      94                    0                   0                   0                   0                   0                5627               12825               14397               14134               11477
      95                    0                   0                   0                   0                   0                5896               12827               14400               14181               11478
      96                    0                   0                   0                   0                   0                5949               12834               14133               14188               11437
      97                    0                   0                   0                   0                   0                6016               12835               13779               14193               11394
      98                    0                   0                   0                   0                   0                6061               12830               13785               14191               11234
      99                    0                   0                   0                   0                   0                6078               12833               13803               14196               11235
     100                    0                   0                   0                   0                   0                6146               12834               13809               14197                   0
     101                    0                   0                   0                   0                   0                6155               12836               13825               14198                   0
     102                    0                   0                   0                   0                   0                6205               11883               13825               14209                   0
     103                    0                   0                   0                   0                   0                6215               11943               13835               14213                   0
     104                    0                   0                   0                   0                   0                6272               12105               13838               14217                   0
     105                    0                   0                   0                   0                   0                6298               12164               13836               13591                   0
     106                    0                   0                   0                   0                   0                6310               12328               13841               13592                   0
     107                    0                   0                   0                   0                   0                6438               12398               13841               13593                   0
     108                    0                   0                   0                   0                   0                6473               12562               13869               13271                   0
     109                    0                   0                   0                   0                   0                6612               12626               13869               13272                   0
     110                    0                   0                   0                   0                   0                6657               12626               13864               13276                   0
     111                    0                   0                   0                   0                   0                7536               12620               13862               13277                   0
     112                    0                   0                   0                   0                   0                7573               12620               13863               13266                   0
     113                    0                   0                   0                   0                   0                7609               12611               13865               13277                   0
     114                    0                   0                   0                   0                   0                7673               12611               13868               13293                   0
     115                    0                   0                   0                   0                   0                7693               12608               13868               13294                   0
     116                    0                   0                   0                   0                   0                8080               12645               13866               13289                   0
     117                    0                   0                   0                   0                   0                8113               12645               13867               13291                   0
     118                    0                   0                   0                   0                   0                8138               12645               13870               13293                   0
     119                    0                   0                   0                   0                   0                8231               12644               13878               13298                   0
     120                    0                   0                   0                   0                   0                8288               12636               13880               12230                   0
     121                    0                   0                   0                   0                   0                8318               12626               13875               12263                   0
     122                    0                   0                   0                   0                   0                9702               12630               13876               12274                   0
     123                    0                   0                   0                   0                   0                9704               12625               13872               13303                   0
     124                    0                   0                   0                   0                   0                9705               12667               13873               13305                   0
     125                    0                   0                   0                   0                   0                9706               12676               13869               12286                   0
     126                    0                   0                   0                   0                   0                9707               12678               13866               13307                   0
     127                    0                   0                   0                   0                   0                9718               12680               13861               12293                   0
     128                    0                   0                   0                   0                   0                9750               12682               13858               13307                   0
     129                    0                   0                   0                   0                   0               10159               12687               13851               12298                   0
     130                    0                   0                   0                   0                   0                9757               12687               12381               12299                   0
     131                    0                   0                   0                   0                   0               10163               12687               13847               12302                   0
     132                    0                   0                   0                   0                   0               10162               12686               12385               12303                   0
     133                    0                   0                   0                   0                   0               10168               12688               13844               12304                   0
     134                    0                   0                   0                   0                   0               10170               12687               11714               11325                   0
     135                    0                   0                   0                   0                   0               10176               12689               11715               11326                   0
     136                    0                   0                   0                   0                   0               10178               12688               11716               11327                   0
     137                    0                   0                   0                   0                   0               10180               12689               11717               11328                   0
     138                    0                   0                   0                   0                   0               10184               12652               10818               10265                   0
     139                    0                   0                   0                   0                   0               10183               12690               10819               10266                   0
     140                    0                   0                   0                   0                   0               10188               12691                6270                9087                   0
     141                    0                   0                   0                   0                   0                9975               12657                6255                9088                   0
     142                    0                   0                   0                   0                   0               10188               12692                6271                6978                   0
     143                    0                   0                   0                   0                   0               10015               12661                6259                6969                   0
     144                    0                   0                   0                   0                   0               10189               12692                6271                6970                   0
     145                    0                   0                   0                   0                   0               10027               12664                6262                6971                   0
     146                    0                   0                   0                   0                   0               10194               12665                6263                6972                   0
     147                    0                   0                   0                   0                   0               10213               12666                6264                6973                   0
     148                    0                   0                   0                   0                   0               10246               12667                6265                5751                   0
     149                    0                   0                   0                   0                   0               10314               12668                6266                5752                   0
     150                    0                   0                   0                   0                   0               10379                9376                5278                5143                   0
     151                    0                   0                   0                   0                   0               10464                9377                5270                5135                   0
     152                    0                   0                   0                   0                   0               10528                5566                5270                5122                   0
     153                    0                   0                   0                   0                   0               10531                5570                5289                5141                   0
     154                    0                   0                   0                   0                   0               10516                5576                5290                5142                   0
     155                    0                   0                   0                   0                   0               10521                5595                5275                5127                   0
     156                    0                   0                   0                   0                   0               10522                5596                5291                5143                   0
     157                    0                   0                   0                   0                   0               10523                5581                5279                5131                   0
     158                    0                   0                   0                   0                   0               10446                5597                5291                5143                   0
     159                    0                   0                   0                   0                   0               10446                5585                5282                5134                   0
     160                    0                   0                   0                   0                   0               10446                5597                5283                5135                   0
     161                    0                   0                   0                   0                   0               10447                5588                5284                5136                   0
     162                    0                   0                   0                   0                   0               10452                5589                5285                5137                   0
     163                    0                   0                   0                   0                   0                9471                5590                5286                5138                   0
     164                    0                   0                   0                   0                   0                9519                5591                4599                4531                   0
     165                    0                   0                   0                   0                   0                9528                5592                4600                4532                   0
     166                    0                   0                   0                   0                   0                9557                   0                   0                   0                   0
     167                    0                   0                   0                   0                   0                9629                   0                   0                   0                   0
     168                    0                   0                   0                   0                   0                9659                   0                   0                   0                   0
     169                    0                   0                   0                   0                   0                9671                   0                   0                   0                   0
     170                    0                   0                   0                   0                   0                9700                   0                   0                   0                   0
     171                    0                   0                   0                   0                   0                9698                   0                   0                   0                   0
     172                    0                   0                   0                   0                   0                9677                   0                   0                   0                   0
     173                    0                   0                   0                   0                   0                9682                   0                   0                   0                   0
     174                    0                   0                   0                   0                   0                9604                   0                   0                   0                   0
     175                    0                   0                   0                   0                   0                9609                   0                   0                   0                   0
     176                    0                   0                   0                   0                   0                9613                   0                   0                   0                   0
     177                    0                   0                   0                   0                   0                9613                   0                   0                   0                   0
     178                    0                   0                   0                   0                   0                9622                   0                   0                   0                   0
     179                    0                   0                   0                   0                   0                9620                   0                   0                   0                   0
     180                    0                   0                   0                   0                   0                9625                   0                   0                   0                   0
