   Depth            BFSolver                A(i)                A(c)           A(+{c,i})         A(+{c,i,4})    A(+{*{i,i},c,4})    A(+{*{s,s},c,4})A(+{*{B,B,s,s},c,4})A(+{*{B,B,a,a},c,4})             A(rand)
       1                    0                   1                   1                   1                   1                   1                   1                   1                   1                   1
       2                    3                  16                   4                  14                  14                   3                   3                   3                   3                   4
       3                    5                  27                   7                  21                  21                   4                   4                   4                   4                   5
       4                   10                  60                  19                  44                  44                   7                   7                   7                   7                   9
       5                   22                 124                  41                  87                  84                  46                  10                  10                  10                  12
       6                   44                 397                  83                 246                 211                  48                  16                  16                  14                  13
       7                   92                 805                 161                 480                 391                 159                  19                  19                  19                  14
       8                  179                3052                 305                1768                1277                 172                  22                  22                  25                  18
       9                  349                6643                 563                3579                2471                 186                  33                  33                  27                  24
      10                  649                9270                1011                9389                6236                 235                 693                 693                  32                  26
      11                 1201                9272                1792                9458                8891                 237                 805                 805                  34                  60
      12                 2147                9306                3091                9535                9635                 239                 801                 801                  36                  61
      13                 3853                9275                5372                9534                9693                 241                 818                 818                  38                 106
      14                 6747                9311                9140                9565                9843                 242                 835                 835                  39                 108
      15                11897                9299               10229                9560                9858                 259                 842                 842                  40                 109
      16                20479                9258                   0                9452                9834                 260                 864                 864                  46                 110
      17                33995                9260                   0                9447                9855                 262                 971                 971                  62                1266
      18                    0                9259                   0                9382                9755                 266                2979                2979                  64                1268
      19                    0                9055                   0                9385                9853                 272                2980                2980                  72                1270
      20                    0                9148                   0                9100                9628                 275                2981                2981                  74                1272
      21                    0                   0                   0                   0                8988                 284                2982                2982                 127                1273
      22                    0                   0                   0                   0                   0                 286                2984                2984                 133                1000
      23                    0                   0                   0                   0                   0                 292                7278                7278                 144                 173
      24                    0                   0                   0                   0                   0                 301                7283                7283                 154                 193
      25                    0                   0                   0                   0                   0                 309                7296                7296                 159                1000
      26                    0                   0                   0                   0                   0                 311                7325                7325                 169                 196
      27                    0                   0                   0                   0                   0                 314                7345                7345                 197                 243
      28                    0                   0                   0                   0                   0                 433                7420                7420                 214                1022
      29                    0                   0                   0                   0                   0                 442                7453                7453                 233                1033
      30                    0                   0                   0                   0                   0                 452                7480                7480                 268                1054
      31                    0                   0                   0                   0                   0                 445                7970                7970                 270                1059
      32                    0                   0                   0                   0                   0                 455                8015                8015                 272                1087
      33                    0                   0                   0                   0                   0                 450                8055                8055                 294                1068
      34                    0                   0                   0                   0                   0                 458                8087                8087                 280                1069
      35                    0                   0                   0                   0                   0                 459                8576                8576                 297                1075
      36                    0                   0                   0                   0                   0                 473                8843                8843                 321                1089
      37                    0                   0                   0                   0                   0                 480                8916                8916                 321                1085
      38                    0                   0                   0                   0                   0                 478                8979                8979                 326                1088
      39                    0                   0                   0                   0                   0                 478                9089                9089                 335                1086
      40                    0                   0                   0                   0                   0                 481                9164                9164                 343                 988
      41                    0                   0                   0                   0                   0                 485                9314                9314                 344                 991
      42                    0                   0                   0                   0                   0                 487                9403                9324                 346                 996
      43                    0                   0                   0                   0                   0                 488                9585                9320                 348                 998
      44                    0                   0                   0                   0                   0                 490                9698                9296                 350                1281
      45                    0                   0                   0                   0                   0                 571                9878                9276                 352                1283
      46                    0                   0                   0                   0                   0                 588               10035                9281                 354                1309
      47                    0                   0                   0                   0                   0                 598               10291                9282                 356                1615
      48                    0                   0                   0                   0                   0                 615               10430                8753                 365                1624
      49                    0                   0                   0                   0                   0                 640               10665                8760                 599                3154
      50                    0                   0                   0                   0                   0                 649               10690                8773                 607                3157
      51                    0                   0                   0                   0                   0                 682               10693                8788                 610                5466
      52                    0                   0                   0                   0                   0                 792               10695                8798                 611                5469
      53                    0                   0                   0                   0                   0                1281               10700                8808                 619                5528
      54                    0                   0                   0                   0                   0                1299               10704                8812                 634                5529
      55                    0                   0                   0                   0                   0                1337                8814                8814                 652                6875
      56                    0                   0                   0                   0                   0                1358                8505                8505                 675                6184
      57                    0                   0                   0                   0                   0                8978                8522                8522                 700                6727
      58                    0                   0                   0                   0                   0                9033                8526                8526                 716                5690
      59                    0                   0                   0                   0                   0                9352                8533                8533                 743                6188
      60                    0                   0                   0                   0                   0                9473                8537                8537                 762                6190
      61                    0                   0                   0                   0                   0                9605                8540                8540                 795                6899
      62                    0                   0                   0                   0                   0                9682                6676                6676                 782                6907
      63                    0                   0                   0                   0                   0               10126                6771                6771                 810                7200
      64                    0                   0                   0                   0                   0               10128                6828                6828                 796                7205
      65                    0                   0                   0                   0                   0               10130                6913                6913                 814                7358
      66                    0                   0                   0                   0                   0               10144                6971                6971                 828                7844
      67                    0                   0                   0                   0                   0               10283                7016                7016                 831               10536
      68                    0                   0                   0                   0                   0               10289                7080                7080                 833               10539
      69                    0                   0                   0                   0                   0               10298                7095                7095                1279               10540
      70                    0                   0                   0                   0                   0               10300                7148                7148                1281               10545
      71                    0                   0                   0                   0                   0               10311                7166                7166                 838               10564
      72                    0                   0                   0                   0                   0               10319                7199                7199                1074               10552
      73                    0                   0                   0                   0                   0               10327                7217                7217                1282               10557
      74                    0                   0                   0                   0                   0               10328                7243                7243                1074               10565
      75                    0                   0                   0                   0                   0               10329                7248                7248                1280               10566
      76                    0                   0                   0                   0                   0               10330                7268                7268                 883               10563
      77                    0                   0                   0                   0                   0               10331                7270                7270                1076               10564
      78                    0                   0                   0                   0                   0               10360                7274                7274                1081               10074
      79                    0                   0                   0                   0                   0               10394                7276                7276                1289               10075
      80                    0                   0                   0                   0                   0               10395                2123                2123                1305               10076
      81                    0                   0                   0                   0                   0               10563                2124                2124                1355                9815
      82                    0                   0                   0                   0                   0               10567                2126                2126                1408                9818
      83                    0                   0                   0                   0                   0               10576                2128                2128                1455               10044
      84                    0                   0                   0                   0                   0               10670                2129                2129                4364               10046
      85                    0                   0                   0                   0                   0               10757                   0                   0                4406               10079
      86                    0                   0                   0                   0                   0               10781                   0                   0                4763               10080
      87                    0                   0                   0                   0                   0               10805                   0                   0                4786               10082
      88                    0                   0                   0                   0                   0               10842                   0                   0                4786               10084
      89                    0                   0                   0                   0                   0               10863                   0                   0                4790               10096
      90                    0                   0                   0                   0                   0               10859                   0                   0                4794               10142
      91                    0                   0                   0                   0                   0               10720                   0                   0                4798               10146
      92                    0                   0                   0                   0                   0               10712                   0                   0                4820               10161
      93                    0                   0                   0                   0                   0               10726                   0                   0                4821               10523
      94                    0                   0                   0                   0                   0               10727                   0                   0                4841               10162
      95                    0                   0                   0                   0                   0               10733                   0                   0                4842               10165
      96                    0                   0                   0                   0                   0               10734                   0                   0                4843               10167
      97                    0                   0                   0                   0                   0               10739                   0                   0                4851               10219
      98                    0                   0                   0                   0                   0               10750                   0                   0                4880               10525
      99                    0                   0                   0                   0                   0               10753                   0                   0                4922               10534
     100                    0                   0                   0                   0                   0               10756                   0                   0                4970               10531
     101                    0                   0                   0                   0                   0               10758                   0                   0                5046               10535
     102                    0                   0                   0                   0                   0                5967                   0                   0                5115               10523
     103                    0                   0                   0                   0                   0                6126                   0                   0                5187               10480
     104                    0                   0                   0                   0                   0                6422                   0                   0                5296               10482
     105                    0                   0                   0                   0                   0                6571                   0                   0                5373               10520
     106                    0                   0                   0                   0                   0                6683                   0                   0                5466               10522
     107                    0                   0                   0                   0                   0                6779                   0                   0                5531               10523
     108                    0                   0                   0                   0                   0                6899                   0                   0                5565               10448
     109                    0                   0                   0                   0                   0                6981                   0                   0                5617               10358
     110                    0                   0                   0                   0                   0                7098                   0                   0                5645               10499
     111                    0                   0                   0                   0                   0                7361                   0                   0                5703               10502
     112                    0                   0                   0                   0                   0                7490                   0                   0                6166               10517
     113                    0                   0                   0                   0                   0                7587                   0                   0                6221               10519
     114                    0                   0                   0                   0                   0                7845                   0                   0                6230               10508
     115                    0                   0                   0                   0                   0                7965                   0                   0                6271               10510
     116                    0                   0                   0                   0                   0                8123                   0                   0                6280               10520
     117                    0                   0                   0                   0                   0                8229                   0                   0                6300               10516
     118                    0                   0                   0                   0                   0                8332                   0                   0                6313               10515
     119                    0                   0                   0                   0                   0                8424                   0                   0                6317               10439
     120                    0                   0                   0                   0                   0                8485                   0                   0                6368               10436
     121                    0                   0                   0                   0                   0                8554                   0                   0                6412               10421
     122                    0                   0                   0                   0                   0                8606                   0                   0                6474               10423
     123                    0                   0                   0                   0                   0                8652                   0                   0                6547               10429
     124                    0                   0                   0                   0                   0                8698                   0                   0                6609               10431
     125                    0                   0                   0                   0                   0                8732                   0                   0                6653               10432
     126                    0                   0                   0                   0                   0                8774                   0                   0                6722                5396
     127                    0                   0                   0                   0                   0                8793                   0                   0                6868                5412
     128                    0                   0                   0                   0                   0                8818                   0                   0                6884                5413
     129                    0                   0                   0                   0                   0                8833                   0                   0                6912                5434
     130                    0                   0                   0                   0                   0                8865                   0                   0                7881                5435
     131                    0                   0                   0                   0                   0                8871                   0                   0                7894                5428
     132                    0                   0                   0                   0                   0                8875                   0                   0                8880                6739
     133                    0                   0                   0                   0                   0                8876                   0                   0                9364                6741
     134                    0                   0                   0                   0                   0                8882                   0                   0                9391                6744
     135                    0                   0                   0                   0                   0                8879                   0                   0                9392                6501
     136                    0                   0                   0                   0                   0                8880                   0                   0                9393                6503
     137                    0                   0                   0                   0                   0                8882                   0                   0                9621                5449
     138                    0                   0                   0                   0                   0                   0                   0                   0                9423                5451
     139                    0                   0                   0                   0                   0                   0                   0                   0                9629                5337
     140                    0                   0                   0                   0                   0                   0                   0                   0                9633                5341
     141                    0                   0                   0                   0                   0                   0                   0                   0                9671                5369
     142                    0                   0                   0                   0                   0                   0                   0                   0                9693                5372
     143                    0                   0                   0                   0                   0                   0                   0                   0                9715                5373
     144                    0                   0                   0                   0                   0                   0                   0                   0                9742                5356
     145                    0                   0                   0                   0                   0                   0                   0                   0                9770                5359
     146                    0                   0                   0                   0                   0                   0                   0                   0                9619                5365
     147                    0                   0                   0                   0                   0                   0                   0                   0                9223                5372
     148                    0                   0                   0                   0                   0                   0                   0                   0                9247                4887
     149                    0                   0                   0                   0                   0                   0                   0                   0                9269                4889
     150                    0                   0                   0                   0                   0                   0                   0                   0                9275                4891
     151                    0                   0                   0                   0                   0                   0                   0                   0                9279                4894
     152                    0                   0                   0                   0                   0                   0                   0                   0                9284                   0
     153                    0                   0                   0                   0                   0                   0                   0                   0                9292                   0
     154                    0                   0                   0                   0                   0                   0                   0                   0                9303                   0
     155                    0                   0                   0                   0                   0                   0                   0                   0                9311                   0
     156                    0                   0                   0                   0                   0                   0                   0                   0                9312                   0
     157                    0                   0                   0                   0                   0                   0                   0                   0                9313                   0
     158                    0                   0                   0                   0                   0                   0                   0                   0                9316                   0
     159                    0                   0                   0                   0                   0                   0                   0                   0                9326                   0
     160                    0                   0                   0                   0                   0                   0                   0                   0                9327                   0
     161                    0                   0                   0                   0                   0                   0                   0                   0                9336                   0
     162                    0                   0                   0                   0                   0                   0                   0                   0                9334                   0
     163                    0                   0                   0                   0                   0                   0                   0                   0                9341                   0
     164                    0                   0                   0                   0                   0                   0                   0                   0                9339                   0
     165                    0                   0                   0                   0                   0                   0                   0                   0                9342                   0
     166                    0                   0                   0                   0                   0                   0                   0                   0                8879                   0
     167                    0                   0                   0                   0                   0                   0                   0                   0                8880                   0
     168                    0                   0                   0                   0                   0                   0                   0                   0                4343                   0
     169                    0                   0                   0                   0                   0                   0                   0                   0                4344                   0
