   Depth            BFSolver                A(i)                A(c)           A(+{c,i})         A(+{c,i,4})    A(+{*{i,i},c,4})    A(+{*{s,s},c,4})A(+{*{B,B,s,s},c,4})A(+{*{B,B,a,a},c,4})             A(rand)
       1                    0                   1                   1                   1                   1                   1                   1                   1                   1                   1
       2                    3                  14                   5                  14                  14                3022                3024                4217                4215                 142
       3                    7                  75                  12                  70                  70                3024                3026                4219                4217                 153
       4                   13                 106                  20                  98                  98                3026                3028                4221                4219               10194
       5                   24                  86                  33                  79                  79                3028                3030                4223                4221                 163
       6                   38                 147                  56                 114                 111                3822                3825                4226                4228                1142
       7                   62                 261                  92                 242                 225                3871                3874                4229                4231               11436
       8                  102                 432                 152                 374                 332                3874                3877                4237                4239               11517
       9                  171                 783                 231                 504                 437                3912                3915                4266                4268               11723
      10                  257                1421                 332                 691                 514                3934                3937                4270                4272               13319
      11                  386                2135                 467                1150                 706                3089                3091                4269                4271               13340
      12                  550                3316                 643                1573                1095                3192                3194                4384               10813               13552
      13                  789                5309                 826                1844                1352                3198                3200                4389               10818               13553
      14                 1078                6848                1109                2641                1932                3593                3596                4391               10820               13346
      15                 1470                8547                1386                3113                2268                3594                3597                4393               10822               13634
      16                 1928                8857                1825                4161                3006                3694                3697                4394               10823               13635
      17                 2550                8943                2165                4818                3382                3293                3295                4396               10825               13634
      18                 3260                8795                2697                5605                3598                3712                3715                4399               10828               13777
      19                 4199                8945                3148                6049                4028                3714                3717                4805               10831               13787
      20                 5229                8926                3842                6546                4340                3781                3784                4409               10838               13793
      21                 6554                8928                4381                6713                4553                3789                3792                4421               10842               13796
      22                 7972                8926                5070                6726                4655                3792                3795                4422               10843               13798
      23                 9710                8943                5546                6972                4836                3798                3801                4426               10845               13961
      24                11476                8943                6153                7070                4887                3815                3818                4465               10846               13800
      25                13514                8940                6433                7186                5000                3800                3803                4889               10847               13790
      26                15552                8870                6742                7446                5215                3862                3865                4419               10848               13791
      27                17744                8883                6885                7757                5352                3902                3905                4459               10881               13802
      28                19867                8096                7055                7872                5563                3913                3916                4466               10886               13803
      29                22061                   0                7063                8135                5859                3933                3936                4460               10882               13826
      30                24117                   0                7146                8995                6578                3811                3814                4465               10885               13844
      31                26113                   0                7120                9295                6798                3812                3815                4883               10887               13962
      32                27911                   0                7178                8997                7477                3661                3664                4576               10945               13849
      33                29596                   0                7313                8989                7425                3679                3682                4883               10946               13851
      34                31075                   0                7464                9320                7427                3711                3714                4579               10948               13877
      35                32377                   0                7682                9044                6492                3750                3753                4882               10910               13878
      36                33450                   0                8022                9308                6972                3777                3780                4579               10948               13857
      37                34367                   0                8415                9319                6982                3789                3792                4878               10909               13872
      38                35080                   0                8544                9355                8105                3788                3791                4483               10903               13883
      39                35694                   0                   0                9360                8179                3796                3799                4493               10909               13884
      40                36222                   0                   0                9305                8201                3797                3800                4579               10948               13908
      41                36710                   0                   0                9292                8204                3448                3450                4584               10949               13911
      42                37177                   0                   0                9112                8240                3834                3837                4886               10978               13918
      43                37680                   0                   0                9331                8217                3874                3877                4912               10982               13958
      44                38211                   0                   0                8992                8254                3907                3910                4937               10985               13961
      45                38856                   0                   0                   0                8166                3924                3927                4946               10985               13963
      46                39552                   0                   0                   0                8171                3932                3935                4951               10986               13965
      47                40405                   0                   0                   0                8183                3934                3937                4953               10989               13966
      48                41339                   0                   0                   0                   0                3935                3938                4954               10991               13972
      49                42496                   0                   0                   0                   0                3946                3949                4965               10993               13974
      50                43759                   0                   0                   0                   0                3964                3967                4983               11020               13975
      51                45293                   0                   0                   0                   0                3965                3968                4984               11024               13989
      52                46899                   0                   0                   0                   0                3967                3970                4986               11031               14001
      53                48777                   0                   0                   0                   0                3973                3976                4992               11039               14010
      54                49235                   0                   0                   0                   0                3975                3978                4994               11062               14011
      55                    0                   0                   0                   0                   0                3980                3983                4999               11121               14013
      56                    0                   0                   0                   0                   0                3982                3985                5001               11124               14019
      57                    0                   0                   0                   0                   0                3987                3990                5005               11128               14022
      58                    0                   0                   0                   0                   0                3989                3992                5006               11135               14021
      59                    0                   0                   0                   0                   0                3992                3995                5009               11079               13583
      60                    0                   0                   0                   0                   0                4000                4003                5017               11135               13589
      61                    0                   0                   0                   0                   0                3999                4002                5016               11137               13589
      62                    0                   0                   0                   0                   0                4000                4003                5017               11138               13590
      63                    0                   0                   0                   0                   0                4002                4005                5019               11149               13589
      64                    0                   0                   0                   0                   0                4004                4007                5021               11141               11429
      65                    0                   0                   0                   0                   0                   0                   0                4780               11150               11430
      66                    0                   0                   0                   0                   0                   0                   0                4782               11145               11451
      67                    0                   0                   0                   0                   0                   0                   0                4780               11146               11433
      68                    0                   0                   0                   0                   0                   0                   0                   0               11154               11434
      69                    0                   0                   0                   0                   0                   0                   0                   0               11158               11448
      70                    0                   0                   0                   0                   0                   0                   0                   0               11160               11417
      71                    0                   0                   0                   0                   0                   0                   0                   0               11164               11309
      72                    0                   0                   0                   0                   0                   0                   0                   0               11165               11305
      73                    0                   0                   0                   0                   0                   0                   0                   0               11172               11441
      74                    0                   0                   0                   0                   0                   0                   0                   0               11173               11437
      75                    0                   0                   0                   0                   0                   0                   0                   0               11176               11447
      76                    0                   0                   0                   0                   0                   0                   0                   0               11175               11445
      77                    0                   0                   0                   0                   0                   0                   0                   0               11176               11419
      78                    0                   0                   0                   0                   0                   0                   0                   0               11178               11280
      79                    0                   0                   0                   0                   0                   0                   0                   0               11180               11439
      80                    0                   0                   0                   0                   0                   0                   0                   0               11183               11440
      81                    0                   0                   0                   0                   0                   0                   0                   0               11188               11442
      82                    0                   0                   0                   0                   0                   0                   0                   0               11190               11443
      83                    0                   0                   0                   0                   0                   0                   0                   0               10326               11447
      84                    0                   0                   0                   0                   0                   0                   0                   0               10328               11447
      85                    0                   0                   0                   0                   0                   0                   0                   0               10345               11448
      86                    0                   0                   0                   0                   0                   0                   0                   0               10356               11448
      87                    0                   0                   0                   0                   0                   0                   0                   0               10394               11449
      88                    0                   0                   0                   0                   0                   0                   0                   0               10425               11279
      89                    0                   0                   0                   0                   0                   0                   0                   0               10464               11441
      90                    0                   0                   0                   0                   0                   0                   0                   0               10513               11426
      91                    0                   0                   0                   0                   0                   0                   0                   0               10545               11141
      92                    0                   0                   0                   0                   0                   0                   0                   0               10578                9987
      93                    0                   0                   0                   0                   0                   0                   0                   0               10600               11111
      94                    0                   0                   0                   0                   0                   0                   0                   0               10607               11254
      95                    0                   0                   0                   0                   0                   0                   0                   0               10623                9929
      96                    0                   0                   0                   0                   0                   0                   0                   0               10631               10223
      97                    0                   0                   0                   0                   0                   0                   0                   0               10654               11309
      98                    0                   0                   0                   0                   0                   0                   0                   0               10664               11155
      99                    0                   0                   0                   0                   0                   0                   0                   0               10679               11001
     100                    0                   0                   0                   0                   0                   0                   0                   0               10678               10206
     101                    0                   0                   0                   0                   0                   0                   0                   0               10695               10239
     102                    0                   0                   0                   0                   0                   0                   0                   0               10717               10240
     103                    0                   0                   0                   0                   0                   0                   0                   0               10743               11275
     104                    0                   0                   0                   0                   0                   0                   0                   0               10750               10244
     105                    0                   0                   0                   0                   0                   0                   0                   0               10772               10258
     106                    0                   0                   0                   0                   0                   0                   0                   0               10775               10248
     107                    0                   0                   0                   0                   0                   0                   0                   0               10790               11257
     108                    0                   0                   0                   0                   0                   0                   0                   0               10792               10252
     109                    0                   0                   0                   0                   0                   0                   0                   0               10794               10259
     110                    0                   0                   0                   0                   0                   0                   0                   0               10794               10257
     111                    0                   0                   0                   0                   0                   0                   0                   0               10795               10260
     112                    0                   0                   0                   0                   0                   0                   0                   0               10784                6224
     113                    0                   0                   0                   0                   0                   0                   0                   0               10796                6225
     114                    0                   0                   0                   0                   0                   0                   0                   0               10797                   0
     115                    0                   0                   0                   0                   0                   0                   0                   0               10798                   0
     116                    0                   0                   0                   0                   0                   0                   0                   0               10806                   0
     117                    0                   0                   0                   0                   0                   0                   0                   0               10811                   0
     118                    0                   0                   0                   0                   0                   0                   0                   0               10807                   0
     119                    0                   0                   0                   0                   0                   0                   0                   0               10812                   0
     120                    0                   0                   0                   0                   0                   0                   0                   0                7910                   0
     121                    0                   0                   0                   0                   0                   0                   0                   0                7999                   0
     122                    0                   0                   0                   0                   0                   0                   0                   0                8003                   0
