   Depth            BFSolver                A(i)                A(c)           A(+{c,i})         A(+{c,i,4})    A(+{*{i,i},c,4})    A(+{*{s,s},c,4})A(+{*{B,B,s,s},c,4})A(+{*{B,B,a,a},c,4})             A(rand)
       1                    0                   1                   1                   1                   1                   1                   1                   1                   1                   1
       2                    5                  11                   9                  10                  10                  10                  10                  10                  10                6779
       3                   10                  18                  12                  15                  15                  15                  15                  15                  15                6780
       4                   16                  28                  14                  17                  17                  20                  20                  20                  20                8582
       5                   24                  43                  23                  23                  23                  26                  26                  26                  26                9974
       6                   34                  54                  33                  38                  38                  32                  32                  32                  32                9979
       7                   46                  67                  42                  43                  43                  38                  38                  38                  38               10152
       8                   64                 104                  54                  61                  61                  37                  37                  37                  37               10153
       9                   84                 187                  62                 118                 118                  38                  38                  38                  38               10177
      10                  111                 280                  64                 157                 157                  40                  40                  40                  40               10179
      11                  147                 647                  88                 243                 243                  48                 197                 197                 197               10188
      12                  201                1438                 119                 399                 398                  52                 201                 201                 201               10189
      13                  273                2485                 153                 473                 472                  55                 204                 204                 204               10191
      14                  383                3884                 188                 331                 331                 241                 574                 574                 574               12563
      15                  536                6409                 254                 407                 406                 242                 576                 576                 576               12565
      16                  767                7719                 325                 624                 616                 249                 583                 583                 583               15833
      17                 1088                9370                 433                 807                 789                 256                 590                 590                 590               15834
      18                 1521                9590                 539                1132                1078                 274                 608                 608                 608               13971
      19                 2074                9310                 696                1483                1403                 258                 592                 592                 592               13972
      20                 2780                9463                 814                1700                1604                 273                 607                 607                 607               12574
      21                 3627                9600                 998                1981                1871                 272                 606                 606                 606               12598
      22                 4620                9598                1120                2498                2348                 272                 606                 606                 606               15809
      23                 5753                9596                1298                2798                2618                 273                 607                 607                 607               12794
      24                 6976                9594                1462                3519                3294                 274                 608                 608                 608               15744
      25                 8325                9594                1666                3619                3382                 320                 654                 610                 610               13902
      26                 9793                9591                1893                4429                4132                 321                 655                 630                 630               13903
      27                11385                9585                2153                4850                4520                 324                 658                 656                 656               13914
      28                13144                9262                2469                4561                4250                 329                 663                 661                 661               13971
      29                15045                9291                2809                5019                4685                 342                 676                 674                 674               15711
      30                17108                   0                3138                5446                5060                 346                 680                 675                 675               15810
      31                19349                   0                3505                6108                5625                 499                 861                 856                 856               14501
      32                21803                   0                3866                7134                6543                 509                 867                 862                 862               15703
      33                24454                   0                4301                7509                6897                4445                 868                 863                 863               15824
      34                27281                   0                4672                7650                7003                4737                 869                 864                 864               15898
      35                30333                   0                5181                7993                7306                4738                 871                 866                 866               15827
      36                33499                   0                5555                8671                7906                7642                 878                 873                 873               15830
      37                36829                   0                6059                9573                8707                4741                 887                 882                 882               15834
      38                40223                   0                6481               10048                9131                8023                 888                 883                 883               15834
      39                43760                   0                7063               10941                9968                8061                 994                 989                 989               15893
      40                47404                   0                7533               11297               10854                8064                 995                 990                 990               15899
      41                49354                   0                8114               11274               11951                8067                1001                 996                 996               15898
      42                    0                   0                8561               11248               11728                8072                1010                1005                1005               15826
      43                    0                   0                9228               11299               11955                4871                1012                1007                1007               15788
      44                    0                   0                9633               11247               11898                4879                1014                1009                1009               15875
      45                    0                   0               10164               11266               11924                4893                1015                1010                1010               15812
      46                    0                   0               10411               11152               11835                4896                1018                1013                1013               15835
      47                    0                   0               11002               11218               11956                4903                1021                1016                1016               15819
      48                    0                   0               11362               11249               11808                4906                1043                1038                1038               15876
      49                    0                   0               11829               11307               11954                4912                1047                1042                1042               15877
      50                    0                   0               11839               11245               11953                4920                1052                1047                1047               15878
      51                    0                   0                   0               11263               11887                4924                1059                1054                1054               15889
      52                    0                   0                   0               11251               11957                4932                1061                1056                1056               15886
      53                    0                   0                   0               11246               11920                4935                1040                1035                1035               15888
      54                    0                   0                   0               11261               11947                4979                1063                1058                1058               15891
      55                    0                   0                   0                   0               11949                7303                1064                1059                1059               15898
      56                    0                   0                   0                   0               11917                7327                1065                1060                1060               15899
      57                    0                   0                   0                   0               11942                7507                1066                1061                1061               15900
      58                    0                   0                   0                   0                   0                7625                1067                1062                1062               15901
      59                    0                   0                   0                   0                   0                7842                1068                1063                1063               15920
      60                    0                   0                   0                   0                   0                7922                1079                1074                1074               15931
      61                    0                   0                   0                   0                   0                8016                1098                1093                1093               15943
      62                    0                   0                   0                   0                   0                8039                2373                1096                1096               16203
      63                    0                   0                   0                   0                   0                5955                2381                1100                1100               16209
      64                    0                   0                   0                   0                   0                5969                2415                1101                1101               15956
      65                    0                   0                   0                   0                   0                5957                2416                1167                1167               16026
      66                    0                   0                   0                   0                   0                6368                2414                1168                1168               16031
      67                    0                   0                   0                   0                   0                6394                1182                1177                1177               16033
      68                    0                   0                   0                   0                   0                6414                1313                1181                1181               16190
      69                    0                   0                   0                   0                   0                6776                1321                1182                1182               16198
      70                    0                   0                   0                   0                   0                6795                1977                1183                1183               16199
      71                    0                   0                   0                   0                   0                6907                1190                1185                1185               16196
      72                    0                   0                   0                   0                   0                6962                2031                1190                1190               16180
      73                    0                   0                   0                   0                   0                7031                2170                1283                1283               16197
      74                    0                   0                   0                   0                   0                7052                2179                1205                1205               16199
      75                    0                   0                   0                   0                   0                7300                2030                1285                1285               16200
      76                    0                   0                   0                   0                   0                7309                2210                1214                1214               16201
      77                    0                   0                   0                   0                   0                7418                2199                1299                1299               16183
      78                    0                   0                   0                   0                   0                7533                2292                1298                1298               16185
      79                    0                   0                   0                   0                   0                7632                2319                1302                1302               16188
      80                    0                   0                   0                   0                   0                7917                2333                1303                1303               16142
      81                    0                   0                   0                   0                   0                8012                2352                1303                1303               16143
      82                    0                   0                   0                   0                   0                8025                2369                1232                1232               16162
      83                    0                   0                   0                   0                   0                8058                2377                1250                1250               16163
      84                    0                   0                   0                   0                   0                8089                2412                1304                1304               16171
      85                    0                   0                   0                   0                   0                8076                2413                1309                1309               16198
      86                    0                   0                   0                   0                   0                7860                2421                1308                1308               16174
      87                    0                   0                   0                   0                   0                7871                1321                1314                1314               16177
      88                    0                   0                   0                   0                   0                7895                1316                1309                1309               16178
      89                    0                   0                   0                   0                   0                7898                1324                1315                1315               16179
      90                    0                   0                   0                   0                   0                7906                1325                1316                1316               16180
      91                    0                   0                   0                   0                   0                7908                1326                1317                1317               16181
      92                    0                   0                   0                   0                   0                7911                1327                1318                1318               14427
      93                    0                   0                   0                   0                   0                7914                1335                1326                1326               14428
      94                    0                   0                   0                   0                   0                7915                1562                1328                1328               14426
      95                    0                   0                   0                   0                   0                7916                2212                1350                1350               14427
      96                    0                   0                   0                   0                   0                7829                1730                1347                1347               14307
      97                    0                   0                   0                   0                   0                7830                2291                1363                1363               14321
      98                    0                   0                   0                   0                   0                7839                2326                1374                1374               14316
      99                    0                   0                   0                   0                   0                7919                2328                1375                1375               14320
     100                    0                   0                   0                   0                   0                8011                2337                1374                1374               14320
     101                    0                   0                   0                   0                   0                8023                2368                1382                1382               14321
     102                    0                   0                   0                   0                   0                8062                2383                1383                1383                   0
     103                    0                   0                   0                   0                   0                8090                2408                1405                1405                   0
     104                    0                   0                   0                   0                   0                8089                2419                1411                1411                   0
     105                    0                   0                   0                   0                   0                6866                2424                1468                1468                   0
     106                    0                   0                   0                   0                   0                6870                2419                1471                1471                   0
     107                    0                   0                   0                   0                   0                6917                2409                1478                1478                   0
     108                    0                   0                   0                   0                   0                7009                2040                1479                1479                   0
     109                    0                   0                   0                   0                   0                7030                2171                1491                1491                   0
     110                    0                   0                   0                   0                   0                7051                2180                1484                1484                   0
     111                    0                   0                   0                   0                   0                7306                2196                1493                1493                   0
     112                    0                   0                   0                   0                   0                7318                2213                1494                1494                   0
     113                    0                   0                   0                   0                   0                7319                2273                1495                1495                   0
     114                    0                   0                   0                   0                   0                7528                2293                1496                1496                   0
     115                    0                   0                   0                   0                   0                7586                2310                1497                1497                   0
     116                    0                   0                   0                   0                   0                7841                2336                1498                1498                   0
     117                    0                   0                   0                   0                   0                7980                2344                1499                1499                   0
     118                    0                   0                   0                   0                   0                8018                2364                1506                1506                   0
     119                    0                   0                   0                   0                   0                8061                2381                1520                1520                   0
     120                    0                   0                   0                   0                   0                8090                2373                1529                1529                   0
     121                    0                   0                   0                   0                   0                8026                2412                1550                1550                   0
     122                    0                   0                   0                   0                   0                8027                2375                1791                1799                   0
     123                    0                   0                   0                   0                   0                8028                2376                1789                1797                   0
     124                    0                   0                   0                   0                   0                7017                2172                1812                1816                   0
     125                    0                   0                   0                   0                   0                5936                2181                1813                1817                   0
     126                    0                   0                   0                   0                   0                7259                2192                1828                1829                   0
     127                    0                   0                   0                   0                   0                5969                2212                1828                1828                   0
     128                    0                   0                   0                   0                   0                7332                2274                1879                1891                   0
     129                    0                   0                   0                   0                   0                7510                2298                1888                1897                   0
     130                    0                   0                   0                   0                   0                7542                2325                1898                1902                   0
     131                    0                   0                   0                   0                   0                7653                2333                1900                1904                   0
     132                    0                   0                   0                   0                   0                7939                2348                1910                1914                   0
     133                    0                   0                   0                   0                   0                8019                2368                1922                1922                   0
     134                    0                   0                   0                   0                   0                8032                2383                1928                1928                   0
     135                    0                   0                   0                   0                   0                8087                2408                1927                1927                   0
     136                    0                   0                   0                   0                   0                8088                2415                1931                1931                   0
     137                    0                   0                   0                   0                   0                8089                2425                1928                1928                   0
     138                    0                   0                   0                   0                   0                8090                2426                1929                1929                   0
     139                    0                   0                   0                   0                   0                8091                2427                1930                1930                   0
     140                    0                   0                   0                   0                   0                8092                2428                1931                1931                   0
     141                    0                   0                   0                   0                   0                7360                2429                1932                1932                   0
     142                    0                   0                   0                   0                   0                7501                2430                1933                1933                   0
     143                    0                   0                   0                   0                   0                7636                2312                1893                1873                   0
     144                    0                   0                   0                   0                   0                7575                2315                1896                1876                   0
     145                    0                   0                   0                   0                   0                7979                2350                1912                1880                   0
     146                    0                   0                   0                   0                   0                8025                2350                1912                1880                   0
     147                    0                   0                   0                   0                   0                8057                   0                   0                1827                   0
     148                    0                   0                   0                   0                   0                4210                   0                   0                   0                   0
     149                    0                   0                   0                   0                   0                4260                   0                   0                   0                   0
     150                    0                   0                   0                   0                   0                4259                   0                   0                   0                   0
     151                    0                   0                   0                   0                   0                4434                   0                   0                   0                   0
     152                    0                   0                   0                   0                   0                4524                   0                   0                   0                   0
     153                    0                   0                   0                   0                   0                4528                   0                   0                   0                   0
     154                    0                   0                   0                   0                   0                7602                   0                   0                   0                   0
     155                    0                   0                   0                   0                   0                7605                   0                   0                   0                   0
     156                    0                   0                   0                   0                   0                7984                   0                   0                   0                   0
