   Depth            BFSolver                A(i)                A(c)           A(+{c,i})         A(+{c,i,4})    A(+{*{i,i},c,4})    A(+{*{s,s},c,4})A(+{*{B,B,s,s},c,4})A(+{*{B,B,a,a},c,4})             A(rand)
       1                    0                   1                   1                   1                   1                   1                   1                   1                   1                   1
       2                    3                   4                   4                   4                   4                  95                  95                   3                   3                   3
       3                    5                   8                   8                   8                   8                  96                  96                   4                   4                   4
       4                   12                  27                  20                  26                  26                 106                 106                  92                  82                  10
       5                   24                  55                  37                  46                  46                 110                 110                  95                  85                  43
       6                   50                 131                  60                  87                  87                 115                 115                  95                  85                  48
       7                   91                 304                  84                 116                 116                 127                 127                 106                  96                  49
       8                  166                 546                 112                 136                 136                 136                 136                 109                 102                  65
       9                  282                1004                 147                 168                 166                 155                 155                 126                 119                  68
      10                  479                1952                 174                 228                 215                 374                 374                 129                 122                  72
      11                  751                3276                 202                 273                 255                 743                 748                 130                 123               12461
      12                 1189                5510                 228                 346                 311                 791                 796                 272                 265               12481
      13                 1746                8441                 253                 451                 393                 804                 809                 274                 267               12518
      14                 2571                9372                 270                 447                 392                 891                 897                 286                 279               12513
      15                 3562                9454                 321                 522                 445                 903                 912                 289                 282               12519
      16                 4949                9456                 377                 617                 523                 970                 979                 312                 305               12522
      17                 6524                9449                 465                 761                 632                1005                1014                 318                 311               12525
      18                 8649                9448                 564                1083                 874                1012                1021                 341                 334               12545
      19                11035                9297                 726                1171                 941                1013                1022                 342                 335               12545
      20                14269                9447                 905                1615                1253                1014                1023                 343                 336               12546
      21                17843                9370                1182                1932                1436                1017                1026                 346                 339               12554
      22                22678                9321                1426                2650                1643                1032                1041                 361                 354               12554
      23                27935                   0                1782                3385                1682                1034                1043                 363                 356               12556
      24                34929                   0                2070                3460                2004                1035                1044                 364                 357               12558
      25                42347                   0                2492                3600                2108                1064                1073                 366                 359               12562
      26                51996                   0                2724                3986                2271                1038                1047                 367                 360               12565
      27                61782                   0                3194                3944                2339                1076                1085                 370                 363               12567
      28                65607                   0                3346                4055                2357                1077                1086                 380                 373               12577
      29                    0                   0                3809                4072                2402                1078                1087                 382                 375               12571
      30                    0                   0                3851                4071                2404                1063                1072                 386                 379               12575
      31                    0                   0                4114                4067                2405                1062                1071                 385                 378               12355
      32                    0                   0                4151                4071                2406                1065                1074                 387                 380               12351
      33                    0                   0                4081                4082                2406                1066                1075                 388                 381               12354
      34                    0                   0                4079                4080                2406                1069                1078                 391                 384               12354
      35                    0                   0                3932                   0                   0                1079                1088                 398                 401               12368
      36                    0                   0                   0                   0                   0                1081                1090                 400                 403               12369
      37                    0                   0                   0                   0                   0                 875                 880                   0                 399               12463
      38                    0                   0                   0                   0                   0                 900                 909                   0                   0               12407
      39                    0                   0                   0                   0                   0                 918                 927                   0                   0               12461
      40                    0                   0                   0                   0                   0                 958                 967                   0                   0               12462
      41                    0                   0                   0                   0                   0                1001                1010                   0                   0               12413
      42                    0                   0                   0                   0                   0                   0                   0                   0                   0               12417
      43                    0                   0                   0                   0                   0                   0                   0                   0                   0               12416
      44                    0                   0                   0                   0                   0                   0                   0                   0                   0               12408
      45                    0                   0                   0                   0                   0                   0                   0                   0                   0               12408
      46                    0                   0                   0                   0                   0                   0                   0                   0                   0               12408
      47                    0                   0                   0                   0                   0                   0                   0                   0                   0               12464
      48                    0                   0                   0                   0                   0                   0                   0                   0                   0               12464
      49                    0                   0                   0                   0                   0                   0                   0                   0                   0               12461
      50                    0                   0                   0                   0                   0                   0                   0                   0                   0               12465
      51                    0                   0                   0                   0                   0                   0                   0                   0                   0               12453
      52                    0                   0                   0                   0                   0                   0                   0                   0                   0               12458
      53                    0                   0                   0                   0                   0                   0                   0                   0                   0               12465
      54                    0                   0                   0                   0                   0                   0                   0                   0                   0               12465
      55                    0                   0                   0                   0                   0                   0                   0                   0                   0               12465
      56                    0                   0                   0                   0                   0                   0                   0                   0                   0               12466
      57                    0                   0                   0                   0                   0                   0                   0                   0                   0               12465
      58                    0                   0                   0                   0                   0                   0                   0                   0                   0               12465
      59                    0                   0                   0                   0                   0                   0                   0                   0                   0               11980
      60                    0                   0                   0                   0                   0                   0                   0                   0                   0               11999
      61                    0                   0                   0                   0                   0                   0                   0                   0                   0               12354
      62                    0                   0                   0                   0                   0                   0                   0                   0                   0               12186
      63                    0                   0                   0                   0                   0                   0                   0                   0                   0               12289
      64                    0                   0                   0                   0                   0                   0                   0                   0                   0               12348
      65                    0                   0                   0                   0                   0                   0                   0                   0                   0               12351
      66                    0                   0                   0                   0                   0                   0                   0                   0                   0               12352
      67                    0                   0                   0                   0                   0                   0                   0                   0                   0               12218
      68                    0                   0                   0                   0                   0                   0                   0                   0                   0               12292
      69                    0                   0                   0                   0                   0                   0                   0                   0                   0               12290
      70                    0                   0                   0                   0                   0                   0                   0                   0                   0               12288
      71                    0                   0                   0                   0                   0                   0                   0                   0                   0               12352
      72                    0                   0                   0                   0                   0                   0                   0                   0                   0               12250
      73                    0                   0                   0                   0                   0                   0                   0                   0                   0               12270
      74                    0                   0                   0                   0                   0                   0                   0                   0                   0               12283
      75                    0                   0                   0                   0                   0                   0                   0                   0                   0               12285
      76                    0                   0                   0                   0                   0                   0                   0                   0                   0               12282
      77                    0                   0                   0                   0                   0                   0                   0                   0                   0               12282
      78                    0                   0                   0                   0                   0                   0                   0                   0                   0               12281
      79                    0                   0                   0                   0                   0                   0                   0                   0                   0               12291
      80                    0                   0                   0                   0                   0                   0                   0                   0                   0               12292
      81                    0                   0                   0                   0                   0                   0                   0                   0                   0               12288
      82                    0                   0                   0                   0                   0                   0                   0                   0                   0               12289
      83                    0                   0                   0                   0                   0                   0                   0                   0                   0               12290
      84                    0                   0                   0                   0                   0                   0                   0                   0                   0               12292
      85                    0                   0                   0                   0                   0                   0                   0                   0                   0               12292
      86                    0                   0                   0                   0                   0                   0                   0                   0                   0               12293
