   Depth            BFSolver                A(i)                A(c)           A(+{c,i})         A(+{c,i,4})    A(+{*{i,i},c,4})    A(+{*{s,s},c,4})A(+{*{B,B,s,s},c,4})A(+{*{B,B,a,a},c,4})             A(rand)
       1                    0                   1                   1                   1                   1                   1                   1                   1                   1                   1
       2                    3                   5                   4                   5                   5                  10                   3                   3                   3                   6
       3                    5                   8                   7                   8                   8                   7                   5                   5                   5                   7
       4                    8                  13                  13                  13                  13                  12                   7                   7                   7                   9
       5                   14                  37                  27                  37                  29                  44                  13                  13                  13                2314
       6                   25                  58                  47                  55                  41                  49                  28                  28                  22                2315
       7                   44                 135                  74                 113                  68                  61                  47                  47                  37                2336
       8                   79                 400                 117                 200                 100                  67                  53                  53                  40                2337
       9                  131                 825                 189                 378                 177                  68                  54                  54                  41                4002
      10                  221                2060                 268                 941                 532                  73                  57                  57                  44                7017
      11                  353                5479                 425                1643                1004                  76                  60                  60                  47                4115
      12                  575                7529                 592                3183                2138                  78                  75                  62                  49                4129
      13                  890                7526                 899                4415                2293                  81                  78                  65                  52                7073
      14                 1409                7807                1223                7069                3122                  83                  83                  75                  62                7118
      15                 2133                7820                1846                7078                5038                  86                  84                  77                  64                7644
      16                 3270                7849                2469               10022                8924                  90                  88                  81                  68                9141
      17                 4820                7882                3612               10008                8945                  97                  95                  84                  71                9144
      18                 7225                7880                4666               10070                9379                1827                 113                 100                  87                9147
      19                10359                7886                6661               10102                9612                1881                 116                 103                  90                9150
      20                15052                7872                8372               10090                9661                1967                 122                 105                  92                7702
      21                21001                7824               10518               10094                9731                2021                 125                 108                  95                7695
      22                29688                7888                   0               10096                9737                2027                 128                 111                  98                7931
      23                40295                   0                   0               10061                9601                2028                 129                 112                  99                7932
      24                46101                   0                   0               10078                9752                2030                 131                 114                 101                7931
      25                    0                   0                   0                9990                9721                2034                 135                 118                 105                9314
      26                    0                   0                   0                8935                9350                2055                 147                 130                 117                9317
      27                    0                   0                   0                8897                9611                2058                 150                 133                 120                8909
      28                    0                   0                   0                   0                7938                2059                 151                 134                 121               10055
      29                    0                   0                   0                   0                   0                2060                 152                 135                 122               10063
      30                    0                   0                   0                   0                   0                2070                 162                 145                 132               10069
      31                    0                   0                   0                   0                   0                2084                 170                 153                 140               10073
      32                    0                   0                   0                   0                   0                2097                 182                 165                 152               10076
      33                    0                   0                   0                   0                   0                2111                 186                 169                 156               10335
      34                    0                   0                   0                   0                   0                2135                 198                 181                 168               10336
      35                    0                   0                   0                   0                   0                8571                 203                 186                 173               10042
      36                    0                   0                   0                   0                   0                9026                 204                 187                 174               11202
      37                    0                   0                   0                   0                   0                9133                 205                 188                 175                9953
      38                    0                   0                   0                   0                   0                9422                6510                 194               12458               10353
      39                    0                   0                   0                   0                   0                9604               11250                 196               12456               10354
      40                    0                   0                   0                   0                   0                9685               11389                 199               12462               11298
      41                    0                   0                   0                   0                   0                9926               11394                 226               12464               11215
      42                    0                   0                   0                   0                   0               10185                7633                 234               12485               11225
      43                    0                   0                   0                   0                   0               10642                7660                 235               12496               11260
      44                    0                   0                   0                   0                   0               10866                7664                 239               12507               11306
      45                    0                   0                   0                   0                   0               11145                7691                 266               12537               11321
      46                    0                   0                   0                   0                   0               11420                7708                 269               12571               11323
      47                    0                   0                   0                   0                   0               11613                7718                 796               12580               11324
      48                    0                   0                   0                   0                   0               11864                7732                 818               12592               11326
      49                    0                   0                   0                   0                   0               11892               10616                6183               12624               11331
      50                    0                   0                   0                   0                   0               11889               10677                6192               12637               11342
      51                    0                   0                   0                   0                   0               11455               10709                6205               12656               11335
      52                    0                   0                   0                   0                   0               11457               10723                6210               12709               11344
      53                    0                   0                   0                   0                   0               11024               10752                6216               12720               11344
      54                    0                   0                   0                   0                   0               11027               10777                6230               12721               11348
      55                    0                   0                   0                   0                   0                8562               10781                6237               12722               11350
      56                    0                   0                   0                   0                   0                8836               10820                6244               12745               11184
      57                    0                   0                   0                   0                   0                9057               10832                6250               12740               11298
      58                    0                   0                   0                   0                   0                9165               10841                6256               12747               11305
      59                    0                   0                   0                   0                   0                9444               10864                6278               12748               11195
      60                    0                   0                   0                   0                   0                9683               10897                6286               12767               11215
      61                    0                   0                   0                   0                   0                9923               10920                6298               12808               11111
      62                    0                   0                   0                   0                   0               10167               10968                6349               12823               11202
      63                    0                   0                   0                   0                   0               10498               11007                6389               13016               11204
      64                    0                   0                   0                   0                   0               10679               11077                6425               13028               11260
      65                    0                   0                   0                   0                   0               10947               11144                6502               13030               11261
      66                    0                   0                   0                   0                   0               11195               11187                6594               13032               11263
      67                    0                   0                   0                   0                   0               11445               11249                6668               13035               11168
      68                    0                   0                   0                   0                   0               11622               11388                9665               13038               11171
      69                    0                   0                   0                   0                   0               11873               11533               11001               13040               11151
      70                    0                   0                   0                   0                   0               11911               11535               11079               13042               11155
      71                    0                   0                   0                   0                   0               11900               11490               11189               13045               11157
      72                    0                   0                   0                   0                   0               11693               11434               11246               13046               11158
      73                    0                   0                   0                   0                   0               11705               11433               11302               13047               11081
      74                    0                   0                   0                   0                   0               11705               11435               11342               13049               11086
      75                    0                   0                   0                   0                   0               11708               11436               11370               13051               11099
      76                    0                   0                   0                   0                   0               11710               11437               11370               12970               11107
      77                    0                   0                   0                   0                   0               11712               11438               11387               12976               11171
      78                    0                   0                   0                   0                   0               11713               11439               11454               12983               11172
      79                    0                   0                   0                   0                   0               10432               11441               11482               12988                7634
      80                    0                   0                   0                   0                   0               10300               11442               11499               12989                6602
      81                    0                   0                   0                   0                   0               10303               10777               11551               12990                   0
      82                    0                   0                   0                   0                   0               10499               10777               11592               12991                   0
      83                    0                   0                   0                   0                   0               10667               10818               11693               12999                   0
      84                    0                   0                   0                   0                   0               10944               10831               11729               13003                   0
      85                    0                   0                   0                   0                   0               11142               10843               11781               13004                   0
      86                    0                   0                   0                   0                   0               11427               10879               11807               13007                   0
      87                    0                   0                   0                   0                   0               11604               10902               11860               13008                   0
      88                    0                   0                   0                   0                   0               11821               10923               11885               13009                   0
      89                    0                   0                   0                   0                   0               11912               10967               11923               12938                   0
      90                    0                   0                   0                   0                   0                8267               11010               11964               13010                   0
      91                    0                   0                   0                   0                   0                8511               11079               12003               12386                   0
      92                    0                   0                   0                   0                   0                8752               11129               12045               12416                   0
      93                    0                   0                   0                   0                   0                9036               11187               12095               12431                   0
      94                    0                   0                   0                   0                   0                9149               11234               12100               12446                   0
      95                    0                   0                   0                   0                   0                9307               11378               12134               12445                   0
      96                    0                   0                   0                   0                   0                9525               11503               12150               12446                   0
      97                    0                   0                   0                   0                   0                9691               10388               12169               12455                   0
      98                    0                   0                   0                   0                   0                9950               10483               12190               12456                   0
      99                    0                   0                   0                   0                   0                   0               10525               12204               12458                   0
     100                    0                   0                   0                   0                   0                   0               10602               12240               10136                   0
     101                    0                   0                   0                   0                   0                   0                9506               12281               12457                   0
     102                    0                   0                   0                   0                   0                   0                9525               12322                3945                   0
     103                    0                   0                   0                   0                   0                   0                5883               12366                3946                   0
     104                    0                   0                   0                   0                   0                   0                5892               12368                3949                   0
     105                    0                   0                   0                   0                   0                   0                5922               12368                3949                   0
     106                    0                   0                   0                   0                   0                   0                5953               12300                3946                   0
     107                    0                   0                   0                   0                   0                   0                5953               12303                3947                   0
     108                    0                   0                   0                   0                   0                   0                5971               12305                3947                   0
     109                    0                   0                   0                   0                   0                   0                5979               12306                3948                   0
     110                    0                   0                   0                   0                   0                   0                5998               10921                3949                   0
     111                    0                   0                   0                   0                   0                   0                6036               10925                3920                   0
     112                    0                   0                   0                   0                   0                   0                6076               10936                3918                   0
     113                    0                   0                   0                   0                   0                   0                6119               10937                   0                   0
     114                    0                   0                   0                   0                   0                   0                6193               10941                   0                   0
     115                    0                   0                   0                   0                   0                   0                6250               10943                   0                   0
     116                    0                   0                   0                   0                   0                   0                6292               10944                   0                   0
     117                    0                   0                   0                   0                   0                   0                6376               10043                   0                   0
     118                    0                   0                   0                   0                   0                   0                6506               10048                   0                   0
     119                    0                   0                   0                   0                   0                   0                6576               10310                   0                   0
     120                    0                   0                   0                   0                   0                   0               11330               10941                   0                   0
     121                    0                   0                   0                   0                   0                   0               11459               10944                   0                   0
     122                    0                   0                   0                   0                   0                   0                4433               10944                   0                   0
     123                    0                   0                   0                   0                   0                   0                4798               10944                   0                   0
     124                    0                   0                   0                   0                   0                   0                5795               10944                   0                   0
     125                    0                   0                   0                   0                   0                   0                5833                5342                   0                   0
     126                    0                   0                   0                   0                   0                   0                5843                5380                   0                   0
     127                    0                   0                   0                   0                   0                   0                5881                5341                   0                   0
     128                    0                   0                   0                   0                   0                   0                5905                5379                   0                   0
     129                    0                   0                   0                   0                   0                   0                   0                5187                   0                   0
