   Depth            BFSolver                A(i)                A(c)           A(+{c,i})         A(+{c,i,4})    A(+{*{i,i},c,4})    A(+{*{s,s},c,4})A(+{*{B,B,s,s},c,4})A(+{*{B,B,a,a},c,4})             A(rand)
       1                    0                   1                   1                   1                   1                   1                   1                   1                   1                   1
       2                    2                   2                   2                   2                   2                   2                   2                   2                   2                   2
       3                    3                   3                   3                   3                   3                   3                   3                   3                   3                   3
       4                    5                  13                   6                  11                  11                   5                  51                  51                  51                   5
       5                    9                  26                  15                  20                  20                  28                  52                  52                  52                  13
       6                   16                  43                  23                  28                  28                  30                  53                  53                  53                  20
       7                   25                  74                  33                  39                  39                  35                  53                  53                  53                  22
       8                   36                 101                  39                  49                  49                  36                  53                  53                  53                  82
       9                   53                 136                  49                  65                  65                  46                  43                  43                  43                  87
      10                   78                 200                  65                  82                  82                  39                  54                  54                  54                 166
      11                  117                 354                  80                 127                 127                  56                  59                  59                  59                 166
      12                  167                 485                 122                 136                 136                  57                  66                  66                  66                 107
      13                  254                 785                 175                 231                 231                  68                  78                  78                  78                 166
      14                  381                1331                 274                 438                 438                  71                  82                  82                  82                 150
      15                  584                2662                 396                 849                 837                 107                 123                 123                 123                 166
      16                  871                5305                 601                1673                1615                 110                 126                 126                 126                 744
      17                 1288                8215                 809                3376                3197                 111                 127                 127                 127                 746
      18                 1839                8292                1227                6908                6363                 113                 129                 129                 129                 764
      19                 2639                8521                1672                7394                7029                 127                 143                 143                 132                 818
      20                 3670                8536                2550                7364                6805                 141                 157                 157                 143                 819
      21                 5200                8535                3347                7388                7288                 161                 177                 177                 162                 773
      22                 7207                8535                5144                7469                7245                 180                 196                 192                 178                 774
      23                10217                8539                6745                7477                7307                 212                 228                 224                 193                 777
      24                14220                8496                7646                7500                7299                 223                 240                 236                 205                 819
      25                20139                8519                   0                7497                7289               11019                 251               12247                 214                 802
      26                28158                7925                   0                7488                7313               11021                 253               12249                 216                 805
      27                39766                7599                   0                7450                7239               11025                 257               12253                 220                 817
      28                41916                7616                   0                7467                7288               11034                8692               12262                 229                 818
      29                    0                   0                   0                6883                6342               11036                 268               12264                 231                 816
      30                    0                   0                   0                6905                6360               11037                8695               12265                 232                 819
      31                    0                   0                   0                   0                   0               11071                8698               12268                 235                 858
      32                    0                   0                   0                   0                   0               11072                8706               12275                 242                 869
      33                    0                   0                   0                   0                   0               11078               11182               12280                 247                 867
      34                    0                   0                   0                   0                   0               11080               11184               12285                 252                 869
      35                    0                   0                   0                   0                   0               11082               11198               12286                 253                 845
      36                    0                   0                   0                   0                   0               11088               11202               12290                 257                 846
      37                    0                   0                   0                   0                   0               11091               11202               12289                 256                 868
      38                    0                   0                   0                   0                   0               11094               11215               12290                 257                 870
      39                    0                   0                   0                   0                   0               11095               11219               12290                 257                 872
      40                    0                   0                   0                   0                   0               11097               11257               12293                 260                 876
      41                    0                   0                   0                   0                   0               11100               11260               12305                 272                 887
      42                    0                   0                   0                   0                   0               11104               11267               12307                 274                 888
      43                    0                   0                   0                   0                   0               11107               11291               12309                 276                9655
      44                    0                   0                   0                   0                   0               11111               11332               12311                 278                 883
      45                    0                   0                   0                   0                   0               11119               11337               12312                 279                1007
      46                    0                   0                   0                   0                   0               11124               11360               12315                 282                 891
      47                    0                   0                   0                   0                   0               11125               11366               12317                 284                 912
      48                    0                   0                   0                   0                   0               11127               11399               12320                 287                 929
      49                    0                   0                   0                   0                   0               11129               11418               12326                 293                 930
      50                    0                   0                   0                   0                   0               11140               11443               12330                 297                 931
      51                    0                   0                   0                   0                   0               11149               11459               12329                 296                 932
      52                    0                   0                   0                   0                   0               11161               11491               12334                 301                 939
      53                    0                   0                   0                   0                   0               11162               11527               12338                 307                1008
      54                    0                   0                   0                   0                   0               11165               11648               12341                 308                6303
      55                    0                   0                   0                   0                   0               11167               11695               12342                 309                6305
      56                    0                   0                   0                   0                   0               11532               11727               12344                 311                6306
      57                    0                   0                   0                   0                   0               11533               11787               12347                 314                6308
      58                    0                   0                   0                   0                   0               11534               11915               12349                 316                7144
      59                    0                   0                   0                   0                   0               11639               11974               12351                 318                7145
      60                    0                   0                   0                   0                   0               11645               12030               12355                 322                7156
      61                    0                   0                   0                   0                   0               11646               12092               12381                 348                7169
      62                    0                   0                   0                   0                   0               11650               12121               12374                 341                7171
      63                    0                   0                   0                   0                   0               11653               12184               12384                 351                7257
      64                    0                   0                   0                   0                   0               11658               12277               12387                 354                9196
      65                    0                   0                   0                   0                   0               11657               12350               12394                 361               10262
      66                    0                   0                   0                   0                   0               11660               12357               12397                 364                9206
      67                    0                   0                   0                   0                   0               11662               12414               12398                 365                9207
      68                    0                   0                   0                   0                   0               11663               12413               12404                 371                9222
      69                    0                   0                   0                   0                   0               11667               12411               12406                 373               10261
      70                    0                   0                   0                   0                   0               11688               12412               12408                 375               10263
      71                    0                   0                   0                   0                   0               11689               12403               12411                 378               10270
      72                    0                   0                   0                   0                   0               11677               11179               12413                 380               10267
      73                    0                   0                   0                   0                   0               11688               10653               12418                 385               10269
      74                    0                   0                   0                   0                   0               11684               11179               12422                 389                8461
      75                    0                   0                   0                   0                   0               11688                8714               12426                 393                8230
      76                    0                   0                   0                   0                   0               11689                8713               12429                 396                8232
      77                    0                   0                   0                   0                   0               12021                8715               12432                 399                8167
      78                    0                   0                   0                   0                   0               12026                8707               12438                 405                8482
      79                    0                   0                   0                   0                   0               12023                8709               12436                 403                8484
      80                    0                   0                   0                   0                   0               12027                8700               12444                 411                8752
      81                    0                   0                   0                   0                   0               12030                8701               12453                 420                8636
      82                    0                   0                   0                   0                   0               12034                8698               12456                 423                8752
      83                    0                   0                   0                   0                   0               12041                8698               12461                 428                8849
      84                    0                   0                   0                   0                   0               12058                8698               12462                 429                8852
      85                    0                   0                   0                   0                   0               12268                4793               12463                4904               10310
      86                    0                   0                   0                   0                   0               12322                8692               12469                4908               10312
      87                    0                   0                   0                   0                   0               12519                   0               12570                4911               10316
      88                    0                   0                   0                   0                   0               12560                   0               12574                4911               10317
      89                    0                   0                   0                   0                   0               12577                   0               12578                4912               10326
      90                    0                   0                   0                   0                   0               12583                   0               12590                1593               10322
      91                    0                   0                   0                   0                   0               12584                   0               12603                4915               10325
      92                    0                   0                   0                   0                   0               12588                   0               12618                4930                9665
      93                    0                   0                   0                   0                   0               12591                   0               12634                4958               10269
      94                    0                   0                   0                   0                   0               12595                   0               12653                4984               10270
      95                    0                   0                   0                   0                   0               12597                   0               12683                5036               10299
      96                    0                   0                   0                   0                   0               12599                   0               12703                5108               10302
      97                    0                   0                   0                   0                   0               12604                   0               12810                5366               10304
      98                    0                   0                   0                   0                   0               12602                   0               12816                5432               10306
      99                    0                   0                   0                   0                   0               12627                   0               12833                5524               10309
     100                    0                   0                   0                   0                   0               12607                   0               12847                6170               10310
     101                    0                   0                   0                   0                   0               12628                   0               12953                6305               10256
     102                    0                   0                   0                   0                   0               12616                   0               13203                6388               10262
     103                    0                   0                   0                   0                   0               12630                   0               13319                6475               10260
     104                    0                   0                   0                   0                   0               12623                   0               13336                6555               10254
     105                    0                   0                   0                   0                   0               12631                   0               13431                6628                9785
     106                    0                   0                   0                   0                   0               12632                   0               13448                6702               10263
     107                    0                   0                   0                   0                   0               12750                   0               13462                6922                9790
     108                    0                   0                   0                   0                   0               12755                   0               13475                6997               10030
     109                    0                   0                   0                   0                   0               12752                   0               13490                7090               10031
     110                    0                   0                   0                   0                   0               12756                   0               13528                7427                9847
     111                    0                   0                   0                   0                   0               12759                   0               13569                7541                9851
     112                    0                   0                   0                   0                   0               12765                   0               13837                7707               10278
     113                    0                   0                   0                   0                   0               12772                   0               14041                7970               10156
     114                    0                   0                   0                   0                   0               12799                   0               14077                8611               10271
     115                    0                   0                   0                   0                   0               12931                   0               14110                8782               10226
     116                    0                   0                   0                   0                   0               13015                   0               14384                8902               10227
     117                    0                   0                   0                   0                   0               13106                   0               14386                9151               10228
     118                    0                   0                   0                   0                   0               13239                   0               14389                9511               10229
     119                    0                   0                   0                   0                   0               13416                   0               14496                9713               10231
     120                    0                   0                   0                   0                   0               13672                   0               14507               10041               10233
     121                    0                   0                   0                   0                   0               14110                   0               14511               10219               10234
     122                    0                   0                   0                   0                   0               14287                   0               14513               10223               10240
     123                    0                   0                   0                   0                   0               14680                   0               14513               10225               10290
     124                    0                   0                   0                   0                   0               14977                   0               14514               10227               10293
     125                    0                   0                   0                   0                   0               15523                   0               14515               10223               10295
     126                    0                   0                   0                   0                   0               15618                   0               14516               10174               10297
     127                    0                   0                   0                   0                   0               15619                   0               14475               10177               10298
     128                    0                   0                   0                   0                   0               15620                   0               14476                9938               10226
     129                    0                   0                   0                   0                   0               15607                   0               14477                9939               10274
     130                    0                   0                   0                   0                   0               15608                   0               14478                9941               10275
     131                    0                   0                   0                   0                   0               15609                   0               14495                9938               10276
     132                    0                   0                   0                   0                   0               15234                   0               14495                9946               10273
     133                    0                   0                   0                   0                   0               15236                   0               14495                9949               10026
     134                    0                   0                   0                   0                   0               13850                   0               14495                9954               10028
     135                    0                   0                   0                   0                   0                   0                   0               14495                9955                9936
     136                    0                   0                   0                   0                   0                   0                   0               14396                9956               10240
     137                    0                   0                   0                   0                   0                   0                   0               14399                9970               10273
     138                    0                   0                   0                   0                   0                   0                   0               14395                9980                9937
     139                    0                   0                   0                   0                   0                   0                   0               14396                9985                9184
     140                    0                   0                   0                   0                   0                   0                   0               14294                9991                9079
     141                    0                   0                   0                   0                   0                   0                   0               14384                9994                9109
     142                    0                   0                   0                   0                   0                   0                   0                   0                9990               10279
     143                    0                   0                   0                   0                   0                   0                   0                   0                9991               10280
     144                    0                   0                   0                   0                   0                   0                   0                   0                9889               10282
     145                    0                   0                   0                   0                   0                   0                   0                   0                9979               10284
     146                    0                   0                   0                   0                   0                   0                   0                   0                   0               10288
     147                    0                   0                   0                   0                   0                   0                   0                   0                   0               10289
     148                    0                   0                   0                   0                   0                   0                   0                   0                   0                9105
     149                    0                   0                   0                   0                   0                   0                   0                   0                   0                9108
     150                    0                   0                   0                   0                   0                   0                   0                   0                   0                9108
     151                    0                   0                   0                   0                   0                   0                   0                   0                   0                9109
     152                    0                   0                   0                   0                   0                   0                   0                   0                   0                9074
     153                    0                   0                   0                   0                   0                   0                   0                   0                   0                4224
     154                    0                   0                   0                   0                   0                   0                   0                   0                   0                4263
     155                    0                   0                   0                   0                   0                   0                   0                   0                   0                9531
     156                    0                   0                   0                   0                   0                   0                   0                   0                   0                9532
     157                    0                   0                   0                   0                   0                   0                   0                   0                   0                9534
     158                    0                   0                   0                   0                   0                   0                   0                   0                   0                9536
     159                    0                   0                   0                   0                   0                   0                   0                   0                   0                9549
     160                    0                   0                   0                   0                   0                   0                   0                   0                   0                9549
     161                    0                   0                   0                   0                   0                   0                   0                   0                   0                9551
     162                    0                   0                   0                   0                   0                   0                   0                   0                   0                9555
     163                    0                   0                   0                   0                   0                   0                   0                   0                   0                9562
     164                    0                   0                   0                   0                   0                   0                   0                   0                   0                9571
     165                    0                   0                   0                   0                   0                   0                   0                   0                   0                9578
     166                    0                   0                   0                   0                   0                   0                   0                   0                   0                9579
     167                    0                   0                   0                   0                   0                   0                   0                   0                   0                9589
     168                    0                   0                   0                   0                   0                   0                   0                   0                   0                9597
     169                    0                   0                   0                   0                   0                   0                   0                   0                   0                9600
     170                    0                   0                   0                   0                   0                   0                   0                   0                   0                9601
     171                    0                   0                   0                   0                   0                   0                   0                   0                   0                9603
     172                    0                   0                   0                   0                   0                   0                   0                   0                   0                9609
     173                    0                   0                   0                   0                   0                   0                   0                   0                   0                9610
     174                    0                   0                   0                   0                   0                   0                   0                   0                   0                9609
