   Depth            BFSolver                A(i)                A(c)           A(+{c,i})         A(+{c,i,4})    A(+{*{i,i},c,4})    A(+{*{s,s},c,4})A(+{*{B,B,s,s},c,4})A(+{*{B,B,a,a},c,4})             A(rand)
       1                    0                   1                   1                   1                   1                   1                   1                   1                   1                   1
       2                    3                   4                   4                   4                   4                   4                   4                   4                   4                   3
       3                    6                   9                   7                   7                   7                   7                   7                   7                   7                   4
       4                   10                  19                  12                  11                  11                  11                   8                   8                   8                   5
       5                   20                  44                  24                  29                  29                  22                  18                  18                  18                  21
       6                   38                 105                  47                  54                  54                 178                 174                  25                  25                  11
       7                   67                 302                  81                 126                 126                 180                 176                  26                  26                  22
       8                  121                 450                 131                 276                 274                 181                 177                  30                  30                  23
       9                  196                1143                 212                 665                 649                 183                 179                  39                 129                  55
      10                  327                3040                 325                1462                1337                 186                 182                 170                 137                  61
      11                  518                8108                 474                3207                2808                 187                 183                 171                 144                 918
      12                  835                8958                 683                4589                3944                 191                 187                 176                 158                  66
      13                 1281                9287                 977                9348                7714                 197                 193                 182                 159                  70
      14                 1997                9299                1409               10069               10755                 223                 219                 193                 164                9877
      15                 3010                9350                2023                9411               10779                 242                 238                 194                 170                9878
      16                 4649                9357                2912               10258               10845                 272                 258                 195                 181                9946
      17                 6971                9344                4271               10226               10855                 301                 260                 196                 182                9952
      18                10746                9377                6120               10348               10935                 352                 261                 198                 183                9998
      19                16117                9366                8901               10351               10981                 382                 269                 200                 184               10000
      20                24822                9379               10610               10416               10969                 385                 272                 201                 186               11106
      21                37247                9193                   0               10356               10977                 386                 273                 205                 188               11108
      22                48827                9255                   0               10418               10934                 392                 279                 213                 189               11101
      23                    0                6642                   0               10366               10970                 393                 280                 218                 193               11107
      24                    0                   0                   0               10404               10703                 398                 285                 224                 201               11108
      25                    0                   0                   0               10293               10707                 404                 291                 233                 206               11064
      26                    0                   0                   0               10149               10711                 415                 302                 245                 211               11066
      27                    0                   0                   0                9334               10311                 418                 303                 248                 218               11089
      28                    0                   0                   0                9338                   0                 425                 304                 260                 227               11091
      29                    0                   0                   0                   0                   0                 428                 305                 261                 228               11093
      30                    0                   0                   0                   0                   0                 432                 307                 262                 240               11109
      31                    0                   0                   0                   0                   0                 433                 309                 263                 241               11075
      32                    0                   0                   0                   0                   0                3115                 310                 265                 242               11077
      33                    0                   0                   0                   0                   0                3121                 314                 268                 243               11461
      34                    0                   0                   0                   0                   0                3128                 322                 279                 245               11462
      35                    0                   0                   0                   0                   0                3130                 326                 281                 248               11463
      36                    0                   0                   0                   0                   0                3136                 331                 284                 259               11470
      37                    0                   0                   0                   0                   0                3138                 338                 286                 261               11494
      38                    0                   0                   0                   0                   0                3141                 347                 289                 264               11488
      39                    0                   0                   0                   0                   0                3145                 348                 294                 266               11491
      40                    0                   0                   0                   0                   0                3147                 360                 305                 269               11487
      41                    0                   0                   0                   0                   0                3184                 361                 304                 274               11494
      42                    0                   0                   0                   0                   0                3185                 362                 304                 285               11481
      43                    0                   0                   0                   0                   0                3199                 363                 306                 284               11486
      44                    0                   0                   0                   0                   0                3199                 365                 308                 284               11484
      45                    0                   0                   0                   0                   0                3213                 368                 311                 286               11486
      46                    0                   0                   0                   0                   0                3215                 379                 314                 288               11414
      47                    0                   0                   0                   0                   0                3216                1003                 316                 291               11435
      48                    0                   0                   0                   0                   0                3219                1949                 341                 294               11436
      49                    0                   0                   0                   0                   0                3210                1953                 322                 296               11439
      50                    0                   0                   0                   0                   0                3222                1972                 328                 313               11441
      51                    0                   0                   0                   0                   0                3222                1974                 342                 302               11449
      52                    0                   0                   0                   0                   0                3223                4179                 361                 308               11451
      53                    0                   0                   0                   0                   0                3224                4184                 355                 314               11454
      54                    0                   0                   0                   0                   0                3225                4196                 373                 333               11456
      55                    0                   0                   0                   0                   0                3228                4215                 371                 327               11458
      56                    0                   0                   0                   0                   0                5390                4225                 514                 349               11460
      57                    0                   0                   0                   0                   0                3241                4254                 540                 347               11120
      58                    0                   0                   0                   0                   0                5394                7816                 568                 889               11180
      59                    0                   0                   0                   0                   0                5401                7828                 595                 899               11385
      60                    0                   0                   0                   0                   0                5416                7859                1157                 907               11185
      61                    0                   0                   0                   0                   0                5421                8169                1193                 933               11205
      62                    0                   0                   0                   0                   0                5424                8179                1224                 964               11367
      63                    0                   0                   0                   0                   0                5425                8785                1226                 977               11368
      64                    0                   0                   0                   0                   0                5426               11302                1227                1034               11386
      65                    0                   0                   0                   0                   0                5430               11344                1230                1041               11387
      66                    0                   0                   0                   0                   0                5431               11381                1233                1063               11382
      67                    0                   0                   0                   0                   0                5432               11383                1234                1065               11385
      68                    0                   0                   0                   0                   0                5441               11385                1238                1066               11387
      69                    0                   0                   0                   0                   0                5446               11388                1243                1069               11381
      70                    0                   0                   0                   0                   0                5446               11391                1311                1072               11351
      71                    0                   0                   0                   0                   0                5487               11393                1570                1073               11363
      72                    0                   0                   0                   0                   0                5488               11493                1566                1077               11354
      73                    0                   0                   0                   0                   0                5489               11402                1572                1305               11355
      74                    0                   0                   0                   0                   0               12398               11417                3274                1321               11322
      75                    0                   0                   0                   0                   0               12399               11494                5678                2032               11330
      76                    0                   0                   0                   0                   0               12398               11510                3278                2032               11331
      77                    0                   0                   0                   0                   0               10222               11507                5676                2035               11333
      78                    0                   0                   0                   0                   0               12397               11520                3280                4681                8409
      79                    0                   0                   0                   0                   0               10222               11536                3289                7867                8412
      80                    0                   0                   0                   0                   0               12393               11553                5673                4682                8475
      81                    0                   0                   0                   0                   0                8599               11568                5673                7864                8329
      82                    0                   0                   0                   0                   0               10236               11571                5670                4681                8330
      83                    0                   0                   0                   0                   0               12417               11574                3462                7864                8494
      84                    0                   0                   0                   0                   0               12417               11575                5667                7862                8495
      85                    0                   0                   0                   0                   0               12430               11576                5662                4705                8496
      86                    0                   0                   0                   0                   0               12439               11578                7575                7861                8507
      87                    0                   0                   0                   0                   0               12447               11580                5672                7859                8508
      88                    0                   0                   0                   0                   0               12450               11581                7585                7856                9085
      89                    0                   0                   0                   0                   0               12453               11659                9285                7854                9086
      90                    0                   0                   0                   0                   0               12453               11663               10662               10619                9075
      91                    0                   0                   0                   0                   0               12453               11669               10662                7870                9338
      92                    0                   0                   0                   0                   0               12454               11677               10981               10629                9481
      93                    0                   0                   0                   0                   0               12452               11677               10982               10649                9483
      94                    0                   0                   0                   0                   0               12454               11620               10980               10652                9489
      95                    0                   0                   0                   0                   0               12458               11678               10987               10657                9495
      96                    0                   0                   0                   0                   0               12485               11680               10995               10669                9499
      97                    0                   0                   0                   0                   0               12493               11682               11008               10706                9744
      98                    0                   0                   0                   0                   0               12511               11687               11017               10717                9744
      99                    0                   0                   0                   0                   0               12523               11689               11031               10746                9756
     100                    0                   0                   0                   0                   0               12541               11654               11078               11018                9760
     101                    0                   0                   0                   0                   0               12563               11656               11084               11091                9786
     102                    0                   0                   0                   0                   0               12586               11654               11137               11102                9788
     103                    0                   0                   0                   0                   0               12627               11033               11159               11384                9789
     104                    0                   0                   0                   0                   0               12669               11041               11179               11412                9791
     105                    0                   0                   0                   0                   0               12704               11053               11220               11484                9793
     106                    0                   0                   0                   0                   0               12764               11058               11227               11516                9795
     107                    0                   0                   0                   0                   0               13201               11085               11334               11695                9795
     108                    0                   0                   0                   0                   0               13251               11094               11337               11770                9814
     109                    0                   0                   0                   0                   0               13291               11098               11339               12022                9816
     110                    0                   0                   0                   0                   0               13344               11115               11305               12068                9822
     111                    0                   0                   0                   0                   0               13386               11120               11306               12255                9832
     112                    0                   0                   0                   0                   0               13422               11155               11223               12388                9834
     113                    0                   0                   0                   0                   0               13421               11170               10972               12636                9835
     114                    0                   0                   0                   0                   0               13393               11178               10646               12673                9836
     115                    0                   0                   0                   0                   0               13396               11186               10655               12828                9828
     116                    0                   0                   0                   0                   0               13370               11196               10663               12832                9839
     117                    0                   0                   0                   0                   0               13369               11207               10660               12823                9852
     118                    0                   0                   0                   0                   0               13372               11220               10661               12753                9855
     119                    0                   0                   0                   0                   0               12921               11229                   0               12752                9859
     120                    0                   0                   0                   0                   0               13089               11259                   0               12756                9860
     121                    0                   0                   0                   0                   0               13092               11268                   0               12756                9859
     122                    0                   0                   0                   0                   0               13094               11268                   0               11382                9866
     123                    0                   0                   0                   0                   0               13096               11273                   0                   0                9865
     124                    0                   0                   0                   0                   0               13065               11272                   0                   0                9866
     125                    0                   0                   0                   0                   0               13099               11272                   0                   0                9869
     126                    0                   0                   0                   0                   0               13152               11271                   0                   0                9873
     127                    0                   0                   0                   0                   0               13157               11263                   0                   0                9874
     128                    0                   0                   0                   0                   0               13159               11262                   0                   0                9875
     129                    0                   0                   0                   0                   0               13165               11263                   0                   0                9878
     130                    0                   0                   0                   0                   0               13137               11264                   0                   0                9686
     131                    0                   0                   0                   0                   0               13173               11261                   0                   0                9692
     132                    0                   0                   0                   0                   0               13174               11263                   0                   0                9715
     133                    0                   0                   0                   0                   0               13175               11263                   0                   0                9729
     134                    0                   0                   0                   0                   0               13177               11261                   0                   0                9719
     135                    0                   0                   0                   0                   0               13146               10408                   0                   0                9728
     136                    0                   0                   0                   0                   0               13175               11264                   0                   0                9732
     137                    0                   0                   0                   0                   0               13003               11268                   0                   0                9729
     138                    0                   0                   0                   0                   0               13005               11269                   0                   0                9728
     139                    0                   0                   0                   0                   0               13005                7820                   0                   0                9714
     140                    0                   0                   0                   0                   0               12354                7818                   0                   0                9712
     141                    0                   0                   0                   0                   0               12352                7161                   0                   0                9714
     142                    0                   0                   0                   0                   0               12358                7818                   0                   0                9263
     143                    0                   0                   0                   0                   0               10179                5866                   0                   0                9267
     144                    0                   0                   0                   0                   0               12360                5992                   0                   0                9338
     145                    0                   0                   0                   0                   0               10190                5867                   0                   0                9287
     146                    0                   0                   0                   0                   0               12369                5991                   0                   0                9291
     147                    0                   0                   0                   0                   0               12370                5786                   0                   0                9292
     148                    0                   0                   0                   0                   0               12372                5758                   0                   0                9294
     149                    0                   0                   0                   0                   0               12374                5785                   0                   0                9295
     150                    0                   0                   0                   0                   0               12380                5868                   0                   0                9338
     151                    0                   0                   0                   0                   0               12384                5758                   0                   0                9315
     152                    0                   0                   0                   0                   0               12394                5785                   0                   0                9327
     153                    0                   0                   0                   0                   0               12395                   0                   0                   0                9331
     154                    0                   0                   0                   0                   0               12395                   0                   0                   0                9325
     155                    0                   0                   0                   0                   0               10213                   0                   0                   0                9338
     156                    0                   0                   0                   0                   0               12396                   0                   0                   0                9338
     157                    0                   0                   0                   0                   0                   0                   0                   0                   0                9338
     158                    0                   0                   0                   0                   0                   0                   0                   0                   0                9335
     159                    0                   0                   0                   0                   0                   0                   0                   0                   0                9336
     160                    0                   0                   0                   0                   0                   0                   0                   0                   0                9336
