   Depth            BFSolver                A(i)                A(c)           A(+{c,i})         A(+{c,i,4})    A(+{*{i,i},c,4})    A(+{*{s,s},c,4})A(+{*{B,B,s,s},c,4})A(+{*{B,B,a,a},c,4})             A(rand)
       1                    0                   1                   1                   1                   1                   1                   1                   1                   1                   1
       2                    3                   7                   7                   7                   7                  10                   7                   7                   7                   3
       3                   10                  23                  21                  21                  21                  46                  39                  39                  39                4080
       4                   20                  65                  40                  51                  51                  53                  45                  45                  45                   7
       5                   40                  98                  61                  62                  62                  60                  48                  48                  48                   8
       6                   68                 219                  89                 110                 105                  82                  59                  59                  59                   9
       7                  117                 430                 136                 191                 172                  84                  61                  61                  61                8226
       8                  188                 743                 201                 311                 255                  95                  72                  72                  72                8227
       9                  300                1158                 308                 491                 385                 104                  81                  81                  81                8230
      10                  462                2298                 475                 958                 695                 106                  83                  83                  83                8241
      11                  717                5460                 710                2102                1340                 118                  95                  95                  95                8235
      12                 1154                8879                1066                5036                2858                 139                 116                 116                 116                8237
      13                 1820                9027                1734                8017                6062                 141                 118                 118                 118                8239
      14                 3050                9014                2689                9373                8608                 146                 123                 123                 123                8241
      15                 4816                9029                4452                9353                9445                 148                 125                 125                 125                8738
      16                 8027                9019                6681                9388                9481                 151                 128                 128                 128                8740
      17                12341                9009                9650                9397                9402                 154                 131                 131                 131                8742
      18                19979                9013                   0                9392                9566                 157                 134                 134                 134                8750
      19                29742                9004                   0                9399                9542                 163                 140                 140                 140                8942
      20                34740                8572                   0                9386                9568                 168                 142                 142                 142               10796
      21                    0                8581                   0                9401                9550                 170                 143                 143                 143               10797
      22                    0                8602                   0                9400                9532                 175                 145                 145                 145               10080
      23                    0                8612                   0                9320                9439                 325                 147                 147                 147               10081
      24                    0                8519                   0                9303                9568                 327                 152                 152                 152               10063
      25                    0                   0                   0                9249                9393                 328                 361                 361                 361               10080
      26                    0                   0                   0                9030                9553                 334                 376                 376                 376               11491
      27                    0                   0                   0                7579                8135                 351                 376                 376                 376               11492
      28                    0                   0                   0                7614                8166                 362                 384                 384                 384               11490
      29                    0                   0                   0                   0                9219                 367                 385                 385                 385               10782
      30                    0                   0                   0                   0                   0                 368                 394                 394                 394               10783
      31                    0                   0                   0                   0                   0                 358                 399                 399                 399               10785
      32                    0                   0                   0                   0                   0                 372                 408                 408                 408               10936
      33                    0                   0                   0                   0                   0                 374                 433                 433                 433               10937
      34                    0                   0                   0                   0                   0                 529                 442                 442                 442               10939
      35                    0                   0                   0                   0                   0                 539                 481                 481                 481               10940
      36                    0                   0                   0                   0                   0                 542                 496                 496                 496               11357
      37                    0                   0                   0                   0                   0                 546                 499                 499                 499               11376
      38                    0                   0                   0                   0                   0                 548                 512                 512                 512               11493
      39                    0                   0                   0                   0                   0                 551                 514                 514                 514               11378
      40                    0                   0                   0                   0                   0                 555                 519                 519                 519               11496
      41                    0                   0                   0                   0                   0                 569                 283                 283                 283               11497
      42                    0                   0                   0                   0                   0                 574                 538                 538                 538               11505
      43                    0                   0                   0                   0                   0                 591                 574                 574                 574               11506
      44                    0                   0                   0                   0                   0                 599                 610                 610                 610               11494
      45                    0                   0                   0                   0                   0                 614                 665                 665                 665               11495
      46                    0                   0                   0                   0                   0                 630                 722                 722                 722               11492
      47                    0                   0                   0                   0                   0                 640                 746                 746                 746               11465
      48                    0                   0                   0                   0                   0                 639                 747                 747                 747               11492
      49                    0                   0                   0                   0                   0                 672                 748                 748                 748               11465
      50                    0                   0                   0                   0                   0                 688                 749                 749                 749               11466
      51                    0                   0                   0                   0                   0                 700                 751                 751                 751               11467
      52                    0                   0                   0                   0                   0                 700                 752                 752                 752               11472
      53                    0                   0                   0                   0                   0                 701                 755                 755                 755               11476
      54                    0                   0                   0                   0                   0                 702                 770                 770                 770               11477
      55                    0                   0                   0                   0                   0                 704                 790                 790                 790               11478
      56                    0                   0                   0                   0                   0                 705                 911                 911                 911               11479
      57                    0                   0                   0                   0                   0                 708                 913                 913                 913               11482
      58                    0                   0                   0                   0                   0                 719                 923                 923                 923               11483
      59                    0                   0                   0                   0                   0                 777                 930                 930                 930               11487
      60                    0                   0                   0                   0                   0                 823                 935                 935                 935               11303
      61                    0                   0                   0                   0                   0                 848                 946                 946                 946               11312
      62                    0                   0                   0                   0                   0                 855                1188                1187                1187               11318
      63                    0                   0                   0                   0                   0                 863                1230                1229                1229               11320
      64                    0                   0                   0                   0                   0                 871                1244                1243                1243               11280
      65                    0                   0                   0                   0                   0                 875                1256                1255                1255               11163
      66                    0                   0                   0                   0                   0                 882                1277                1276                1276               11160
      67                    0                   0                   0                   0                   0                 885                1301                1300                1300               11158
      68                    0                   0                   0                   0                   0                 886                1309                1308                1308               11160
      69                    0                   0                   0                   0                   0                 887                1312                1311                1311               11161
      70                    0                   0                   0                   0                   0                 888                1313                1312                1312               11162
      71                    0                   0                   0                   0                   0                1055                1314                1313                1313               11164
      72                    0                   0                   0                   0                   0                3178                1315                1314                1314               10935
      73                    0                   0                   0                   0                   0                3180                8519                8516                8516               10375
      74                    0                   0                   0                   0                   0                3192                8525                8522                8522               10376
      75                    0                   0                   0                   0                   0                3235                8530                8527                8527               10377
      76                    0                   0                   0                   0                   0                3239                8545                8542                8542               10347
      77                    0                   0                   0                   0                   0               10545                8550                8547                8547               10351
      78                    0                   0                   0                   0                   0               10572                8566                8563                8563               10353
      79                    0                   0                   0                   0                   0               10602                8581                8578                8578               10377
      80                    0                   0                   0                   0                   0               10620                8603                8600                8600               10356
      81                    0                   0                   0                   0                   0               10627                8604                8601                8601               10375
      82                    0                   0                   0                   0                   0               10645                8606                8603                8603               10365
      83                    0                   0                   0                   0                   0               10661                8607                8604                8604               10377
      84                    0                   0                   0                   0                   0               10701                8610                8607                8607               10376
      85                    0                   0                   0                   0                   0               10727                8659                8656                8656               10377
      86                    0                   0                   0                   0                   0               10742                8630                8627                8627                8630
      87                    0                   0                   0                   0                   0               10759                8677                8674                8674                8628
      88                    0                   0                   0                   0                   0               10786                8697                8694                8694                8629
      89                    0                   0                   0                   0                   0               10788                8702                8699                8699                8635
      90                    0                   0                   0                   0                   0               10779                8702                8699                8699                8635
      91                    0                   0                   0                   0                   0                9046                8703                8700                8700                8624
      92                    0                   0                   0                   0                   0                9054                8704                8701                8701                8625
      93                    0                   0                   0                   0                   0                9058                8706                8703                8703                8523
      94                    0                   0                   0                   0                   0                9060                8707                8704                8704                8540
      95                    0                   0                   0                   0                   0                9062                9161                9157                9157                8527
      96                    0                   0                   0                   0                   0                9067                8749                8746                9852                8540
      97                    0                   0                   0                   0                   0                5675                8815                8812                9854                8635
      98                    0                   0                   0                   0                   0                5676                9165                9161                9855                8531
      99                    0                   0                   0                   0                   0                9068                9175                9171                9857                8532
     100                    0                   0                   0                   0                   0                9066                9211                9207                9876                8533
     101                    0                   0                   0                   0                   0                9070                9233                9229                9902                8534
     102                    0                   0                   0                   0                   0                9125                9252                9248                9929                8538
     103                    0                   0                   0                   0                   0                9146                9297                9293                9955                8539
     104                    0                   0                   0                   0                   0                9190                9324                9320                9956                8540
     105                    0                   0                   0                   0                   0                9252                9357                9353                9957                8636
     106                    0                   0                   0                   0                   0                9338                9397                9392                9958                8639
     107                    0                   0                   0                   0                   0                9434                9449                9444                9960                8640
     108                    0                   0                   0                   0                   0                9501                9479                9474                9961                8669
     109                    0                   0                   0                   0                   0                9601                9524                9519                9965                8671
     110                    0                   0                   0                   0                   0                9670                9552                9547                9998                8653
     111                    0                   0                   0                   0                   0                9733                9591                9586                9976                8658
     112                    0                   0                   0                   0                   0                9812                9619                9614               10003                8671
     113                    0                   0                   0                   0                   0                9862                9659                9654                9985                8671
     114                    0                   0                   0                   0                   0                9988                9692                9690                9994                8668
     115                    0                   0                   0                   0                   0               10024                9681                9726                9995                8668
     116                    0                   0                   0                   0                   0               10073                9682                9755                9997                7750
     117                    0                   0                   0                   0                   0               10105                9685                9752                9764                7756
     118                    0                   0                   0                   0                   0               10142                9158                9745                9785                7759
     119                    0                   0                   0                   0                   0               10173                7512                9746                9807                7758
     120                    0                   0                   0                   0                   0               10235                7541                7538                9822                7746
     121                    0                   0                   0                   0                   0               10254                7560                7557                9832                8668
     122                    0                   0                   0                   0                   0               10273                7562                7559                9839                   0
     123                    0                   0                   0                   0                   0               10290                7570                7567                9840                   0
     124                    0                   0                   0                   0                   0               10311                6369                6366                9843                   0
     125                    0                   0                   0                   0                   0               10312                7570                7567                9846                   0
     126                    0                   0                   0                   0                   0               10331                6372                6369                9849                   0
     127                    0                   0                   0                   0                   0               10350                7566                7563                9850                   0
     128                    0                   0                   0                   0                   0               10370                7557                7554                7554                   0
     129                    0                   0                   0                   0                   0               10371                7558                7555                7555                   0
     130                    0                   0                   0                   0                   0               10371                7553                7550                7550                   0
     131                    0                   0                   0                   0                   0               10384                7554                7551                7551                   0
     132                    0                   0                   0                   0                   0               10392                7552                7549                7549                   0
     133                    0                   0                   0                   0                   0               10402                7556                7553                7553                   0
     134                    0                   0                   0                   0                   0               10408                7592                7589                7589                   0
     135                    0                   0                   0                   0                   0               10420                7618                7615                7615                   0
     136                    0                   0                   0                   0                   0               10447                7673                7670                7670                   0
     137                    0                   0                   0                   0                   0               10457                7705                7702                7702                   0
     138                    0                   0                   0                   0                   0               10472                7735                7732                7732                   0
     139                    0                   0                   0                   0                   0               10482                7749                7746                7746                   0
     140                    0                   0                   0                   0                   0               10495                7803                7800                7800                   0
     141                    0                   0                   0                   0                   0               10498                7855                7852                7852                   0
     142                    0                   0                   0                   0                   0               10508                7899                7896                7896                   0
     143                    0                   0                   0                   0                   0               10510                7945                7942                7942                   0
     144                    0                   0                   0                   0                   0               10515                7988                7985                7985                   0
     145                    0                   0                   0                   0                   0               10516                8020                8017                8017                   0
     146                    0                   0                   0                   0                   0               10514                8053                8050                8050                   0
     147                    0                   0                   0                   0                   0               10520                8069                8066                8066                   0
     148                    0                   0                   0                   0                   0               10529                8087                8084                8084                   0
     149                    0                   0                   0                   0                   0               10531                8105                8102                8102                   0
     150                    0                   0                   0                   0                   0               10531                8146                8143                8143                   0
     151                    0                   0                   0                   0                   0               10530                8184                8181                8181                   0
     152                    0                   0                   0                   0                   0               10531                8255                8252                8252                   0
     153                    0                   0                   0                   0                   0                   0                8275                8272                8272                   0
     154                    0                   0                   0                   0                   0                   0                8317                8314                8314                   0
     155                    0                   0                   0                   0                   0                   0                8327                8324                8324                   0
     156                    0                   0                   0                   0                   0                   0                8371                8368                8368                   0
     157                    0                   0                   0                   0                   0                   0                8400                8397                8397                   0
     158                    0                   0                   0                   0                   0                   0                8437                8434                8434                   0
     159                    0                   0                   0                   0                   0                   0                8462                8459                8459                   0
     160                    0                   0                   0                   0                   0                   0                8489                8486                8486                   0
     161                    0                   0                   0                   0                   0                   0                8490                8487                8487                   0
     162                    0                   0                   0                   0                   0                   0                8499                8496                8496                   0
     163                    0                   0                   0                   0                   0                   0                8499                8496                8496                   0
     164                    0                   0                   0                   0                   0                   0                8509                8506                8506                   0
     165                    0                   0                   0                   0                   0                   0                8513                8510                8510                   0
     166                    0                   0                   0                   0                   0                   0                8512                8509                8509                   0
     167                    0                   0                   0                   0                   0                   0                8516                8513                8513                   0
     168                    0                   0                   0                   0                   0                   0                8515                8512                8512                   0
     169                    0                   0                   0                   0                   0                   0                8517                8514                8514                   0
     170                    0                   0                   0                   0                   0                   0                8517                8514                8514                   0
     171                    0                   0                   0                   0                   0                   0                8518                8515                8515                   0
